"/title/tt2798920/?ref_=adv_li_tt","/title/tt1520211/?ref_=adv_li_tt","/title/tt5580390/?ref_=adv_li_tt","/title/tt0460681/?ref_=adv_li_tt","/title/tt1285009/?ref_=adv_li_tt","/title/tt5862312/?ref_=adv_li_tt","/title/tt6644200/?ref_=adv_li_tt","/title/tt4574334/?ref_=adv_li_tt","/title/tt5052448/?ref_=adv_li_tt","/title/tt4992060/?ref_=adv_li_tt","/title/tt1396484/?ref_=adv_li_tt","/title/tt1844624/?ref_=adv_li_tt","/title/tt3501584/?ref_=adv_li_tt","/title/tt1405406/?ref_=adv_li_tt","/title/tt2188671/?ref_=adv_li_tt","/title/tt4189022/?ref_=adv_li_tt","/title/tt1502407/?ref_=adv_li_tt","/title/tt2632424/?ref_=adv_li_tt","/title/tt1270797/?ref_=adv_li_tt","/title/tt3829266/?ref_=adv_li_tt","/title/tt1567432/?ref_=adv_li_tt","/title/tt3743822/?ref_=adv_li_tt","/title/tt2316204/?ref_=adv_li_tt","/title/tt5109784/?ref_=adv_li_tt","/title/tt5580540/?ref_=adv_li_tt","/title/tt5638642/?ref_=adv_li_tt","/title/tt1072748/?ref_=adv_li_tt","/title/tt7153766/?ref_=adv_li_tt","/title/tt0482606/?ref_=adv_li_tt","/title/tt2708480/?ref_=adv_li_tt","/title/tt2548396/?ref_=adv_li_tt","/title/tt6856484/?ref_=adv_li_tt","/title/tt4779682/?ref_=adv_li_tt","/title/tt4820370/?ref_=adv_li_tt","/title/tt4972582/?ref_=adv_li_tt","/title/tt1830617/?ref_=adv_li_tt","/title/tt7820536/?ref_=adv_li_tt","/title/tt3843168/?ref_=adv_li_tt","/title/tt7349950/?ref_=adv_li_tt","/title/tt5726086/?ref_=adv_li_tt","/title/tt4130484/?ref_=adv_li_tt","/title/tt3348730/?ref_=adv_li_tt","/title/tt6572702/?ref_=adv_li_tt","/title/tt5886440/?ref_=adv_li_tt","/title/tt6772950/?ref_=adv_li_tt","/title/tt7784604/?ref_=adv_li_tt","/title/tt0054215/?ref_=adv_li_tt","/title/tt5462326/?ref_=adv_li_tt","/title/tt4682266/?ref_=adv_li_tt","/title/tt2291540/?ref_=adv_li_tt","/title/tt6243140/?ref_=adv_li_tt","/title/tt5308322/?ref_=adv_li_tt","/title/tt4399952/?ref_=adv_li_tt","/title/tt0078748/?ref_=adv_li_tt","/title/tt2554274/?ref_=adv_li_tt","/title/tt2654620/?ref_=adv_li_tt","/title/tt2243973/?ref_=adv_li_tt","/title/tt2628232/?ref_=adv_li_tt","/title/tt5516328/?ref_=adv_li_tt","/title/tt5197820/?ref_=adv_li_tt","/title/tt5140878/?ref_=adv_li_tt","/title/tt1179933/?ref_=adv_li_tt","/title/tt1648190/?ref_=adv_li_tt","/title/tt0081505/?ref_=adv_li_tt","/title/tt0435625/?ref_=adv_li_tt","/title/tt2560140/?ref_=adv_li_tt","/title/tt4954522/?ref_=adv_li_tt","/title/tt2932536/?ref_=adv_li_tt","/title/tt1139592/?ref_=adv_li_tt","/title/tt0167190/?ref_=adv_li_tt","/title/tt3416742/?ref_=adv_li_tt","/title/tt5442430/?ref_=adv_li_tt","/title/tt5041296/?ref_=adv_li_tt","/title/tt3748172/?ref_=adv_li_tt","/title/tt4225622/?ref_=adv_li_tt","/title/tt0099864/?ref_=adv_li_tt","/title/tt1034385/?ref_=adv_li_tt","/title/tt4263482/?ref_=adv_li_tt","/title/tt3986820/?ref_=adv_li_tt","/title/tt1457767/?ref_=adv_li_tt","/title/tt0052520/?ref_=adv_li_tt","/title/tt3921180/?ref_=adv_li_tt","/title/tt5039994/?ref_=adv_li_tt","/title/tt1038686/?ref_=adv_li_tt","/title/tt4695012/?ref_=adv_li_tt","/title/tt1259521/?ref_=adv_li_tt","/title/tt3235888/?ref_=adv_li_tt","/title/tt1060277/?ref_=adv_li_tt","/title/tt2531334/?ref_=adv_li_tt","/title/tt0073650/?ref_=adv_li_tt","/title/tt5476182/?ref_=adv_li_tt","/title/tt1591095/?ref_=adv_li_tt","/title/tt7608028/?ref_=adv_li_tt","/title/tt6133466/?ref_=adv_li_tt","/title/tt6195094/?ref_=adv_li_tt","/title/tt4731136/?ref_=adv_li_tt","/title/tt1727776/?ref_=adv_li_tt","/title/tt0411477/?ref_=adv_li_tt","/title/tt1974419/?ref_=adv_li_tt","/title/tt0103874/?ref_=adv_li_tt","/title/tt0289043/?ref_=adv_li_tt","/title/tt6205996/?ref_=adv_li_tt","/title/tt3605418/?ref_=adv_li_tt","/title/tt3280262/?ref_=adv_li_tt","/title/tt1724970/?ref_=adv_li_tt","/title/tt5690360/?ref_=adv_li_tt","/title/tt5814060/?ref_=adv_li_tt","/title/tt1156398/?ref_=adv_li_tt","/title/tt0074285/?ref_=adv_li_tt","/title/tt1939659/?ref_=adv_li_tt","/title/tt7569592/?ref_=adv_li_tt","/title/tt7944664/?ref_=adv_li_tt","/title/tt1241317/?ref_=adv_li_tt","/title/tt4160708/?ref_=adv_li_tt","/title/tt6053538/?ref_=adv_li_tt","/title/tt3065204/?ref_=adv_li_tt","/title/tt0084787/?ref_=adv_li_tt","/title/tt0077651/?ref_=adv_li_tt","/title/tt1082807/?ref_=adv_li_tt","/title/tt4052882/?ref_=adv_li_tt","/title/tt1077258/?ref_=adv_li_tt","/title/tt3498622/?ref_=adv_li_tt","/title/tt0363547/?ref_=adv_li_tt","/title/tt0365748/?ref_=adv_li_tt","/title/tt0116367/?ref_=adv_li_tt","/title/tt0830558/?ref_=adv_li_tt","/title/tt1093357/?ref_=adv_li_tt","/title/tt1273235/?ref_=adv_li_tt","/title/tt2647544/?ref_=adv_li_tt","/title/tt5368542/?ref_=adv_li_tt","/title/tt0816711/?ref_=adv_li_tt","/title/tt0070047/?ref_=adv_li_tt","/title/tt4695098/?ref_=adv_li_tt","/title/tt1148204/?ref_=adv_li_tt","/title/tt0117571/?ref_=adv_li_tt","/title/tt2309295/?ref_=adv_li_tt","/title/tt1073105/?ref_=adv_li_tt","/title/tt3612320/?ref_=adv_li_tt","/title/tt0884328/?ref_=adv_li_tt","/title/tt0829150/?ref_=adv_li_tt","/title/tt5629964/?ref_=adv_li_tt","/title/tt2193041/?ref_=adv_li_tt","/title/tt7329858/?ref_=adv_li_tt","/title/tt4334266/?ref_=adv_li_tt","/title/tt4520364/?ref_=adv_li_tt","/title/tt0462322/?ref_=adv_li_tt","/title/tt3717252/?ref_=adv_li_tt","/title/tt1519931/?ref_=adv_li_tt","/title/tt0480249/?ref_=adv_li_tt","/title/tt1438176/?ref_=adv_li_tt","/title/tt1034415/?ref_=adv_li_tt","/title/tt2321549/?ref_=adv_li_tt","/title/tt4094724/?ref_=adv_li_tt","/title/tt2620590/?ref_=adv_li_tt","/title/tt2592614/?ref_=adv_li_tt","/title/tt0083907/?ref_=adv_li_tt","/title/tt0758746/?ref_=adv_li_tt","/title/tt2184339/?ref_=adv_li_tt","/title/tt2494362/?ref_=adv_li_tt","/title/tt0387564/?ref_=adv_li_tt","/title/tt1374989/?ref_=adv_li_tt","/title/tt0085333/?ref_=adv_li_tt","/title/tt5639976/?ref_=adv_li_tt","/title/tt4062536/?ref_=adv_li_tt","/title/tt3289956/?ref_=adv_li_tt","/title/tt5022702/?ref_=adv_li_tt","/title/tt0450278/?ref_=adv_li_tt","/title/tt4443658/?ref_=adv_li_tt","/title/tt3882082/?ref_=adv_li_tt","/title/tt2226417/?ref_=adv_li_tt","/title/tt0087800/?ref_=adv_li_tt","/title/tt0120611/?ref_=adv_li_tt","/title/tt2023587/?ref_=adv_li_tt","/title/tt0844708/?ref_=adv_li_tt","/title/tt0110148/?ref_=adv_li_tt","/title/tt0384537/?ref_=adv_li_tt","/title/tt3195644/?ref_=adv_li_tt","/title/tt4145384/?ref_=adv_li_tt","/title/tt0056869/?ref_=adv_li_tt","/title/tt0091064/?ref_=adv_li_tt","/title/tt0263488/?ref_=adv_li_tt","/title/tt1038988/?ref_=adv_li_tt","/title/tt0395584/?ref_=adv_li_tt","/title/tt0093437/?ref_=adv_li_tt","/title/tt4667888/?ref_=adv_li_tt","/title/tt5700672/?ref_=adv_li_tt","/title/tt3174376/?ref_=adv_li_tt","/title/tt5565634/?ref_=adv_li_tt","/title/tt3337194/?ref_=adv_li_tt","/title/tt3567288/?ref_=adv_li_tt","/title/tt1538403/?ref_=adv_li_tt","/title/tt0245674/?ref_=adv_li_tt","/title/tt0464154/?ref_=adv_li_tt","/title/tt0780622/?ref_=adv_li_tt","/title/tt4335650/?ref_=adv_li_tt","/title/tt4786282/?ref_=adv_li_tt","/title/tt3832096/?ref_=adv_li_tt","/title/tt7208564/?ref_=adv_li_tt","/title/tt0096708/?ref_=adv_li_tt","/title/tt0063522/?ref_=adv_li_tt","/title/tt3203528/?ref_=adv_li_tt","/title/tt0259324/?ref_=adv_li_tt","/title/tt1467304/?ref_=adv_li_tt","/title/tt4509840/?ref_=adv_li_tt","/title/tt6517102/?ref_=adv_li_tt","/title/tt3859272/?ref_=adv_li_tt","/title/tt0120804/?ref_=adv_li_tt","/title/tt4255304/?ref_=adv_li_tt","/title/tt4733640/?ref_=adv_li_tt","/title/tt1131734/?ref_=adv_li_tt","/title/tt0454841/?ref_=adv_li_tt","/title/tt2365946/?ref_=adv_li_tt","/title/tt4920216/?ref_=adv_li_tt","/title/tt0256009/?ref_=adv_li_tt","/title/tt4530422/?ref_=adv_li_tt","/title/tt1999995/?ref_=adv_li_tt","/title/tt1029234/?ref_=adv_li_tt","/title/tt1785635/?ref_=adv_li_tt","/title/tt0118583/?ref_=adv_li_tt","/title/tt3489184/?ref_=adv_li_tt","/title/tt6548228/?ref_=adv_li_tt","/title/tt1288558/?ref_=adv_li_tt","/title/tt2403021/?ref_=adv_li_tt","/title/tt0119081/?ref_=adv_li_tt","/title/tt1780762/?ref_=adv_li_tt","/title/tt0905372/?ref_=adv_li_tt","/title/tt0408236/?ref_=adv_li_tt","/title/tt0187738/?ref_=adv_li_tt","/title/tt5534434/?ref_=adv_li_tt","/title/tt0091474/?ref_=adv_li_tt","/title/tt0080761/?ref_=adv_li_tt","/title/tt1922777/?ref_=adv_li_tt","/title/tt0096256/?ref_=adv_li_tt","/title/tt1051904/?ref_=adv_li_tt","/title/tt4714782/?ref_=adv_li_tt","/title/tt0103644/?ref_=adv_li_tt","/title/tt0463854/?ref_=adv_li_tt","/title/tt1572315/?ref_=adv_li_tt","/title/tt5594444/?ref_=adv_li_tt","/title/tt1853739/?ref_=adv_li_tt","/title/tt0837562/?ref_=adv_li_tt","/title/tt3741634/?ref_=adv_li_tt","/title/tt0870984/?ref_=adv_li_tt","/title/tt3053228/?ref_=adv_li_tt","/title/tt0092563/?ref_=adv_li_tt","/title/tt0082010/?ref_=adv_li_tt","/title/tt0119675/?ref_=adv_li_tt","/title/tt1179056/?ref_=adv_li_tt","/title/tt0298130/?ref_=adv_li_tt","/title/tt0230600/?ref_=adv_li_tt","/title/tt0084516/?ref_=adv_li_tt","/title/tt2388715/?ref_=adv_li_tt","/title/tt6660498/?ref_=adv_li_tt","/title/tt1837654/?ref_=adv_li_tt","/title/tt0022913/?ref_=adv_li_tt","/title/tt2428170/?ref_=adv_li_tt","/title/tt1714208/?ref_=adv_li_tt","/title/tt2510894/?ref_=adv_li_tt","/title/tt4348012/?ref_=adv_li_tt","/title/tt7369722/?ref_=adv_li_tt","/title/tt0134847/?ref_=adv_li_tt","/title/tt0093177/?ref_=adv_li_tt","/title/tt1686821/?ref_=adv_li_tt","/title/tt4547056/?ref_=adv_li_tt","/title/tt0295700/?ref_=adv_li_tt","/title/tt3713166/?ref_=adv_li_tt","/title/tt5159414/?ref_=adv_li_tt","/title/tt1714915/?ref_=adv_li_tt","/title/tt0115963/?ref_=adv_li_tt","/title/tt7315526/?ref_=adv_li_tt","/title/tt0107387/?ref_=adv_li_tt","/title/tt0251736/?ref_=adv_li_tt","/title/tt0072271/?ref_=adv_li_tt","/title/tt1242432/?ref_=adv_li_tt","/title/tt0329101/?ref_=adv_li_tt","/title/tt5664636/?ref_=adv_li_tt","/title/tt0498381/?ref_=adv_li_tt","/title/tt1465522/?ref_=adv_li_tt","/title/tt5215952/?ref_=adv_li_tt","/title/tt1017460/?ref_=adv_li_tt","/title/tt0100814/?ref_=adv_li_tt","/title/tt5278886/?ref_=adv_li_tt","/title/tt0097737/?ref_=adv_li_tt","/title/tt1077368/?ref_=adv_li_tt","/title/tt3463106/?ref_=adv_li_tt","/title/tt0155975/?ref_=adv_li_tt","/title/tt3654796/?ref_=adv_li_tt","/title/tt0094862/?ref_=adv_li_tt","/title/tt3099498/?ref_=adv_li_tt","/title/tt4361050/?ref_=adv_li_tt","/title/tt3835080/?ref_=adv_li_tt","/title/tt0808279/?ref_=adv_li_tt","/title/tt0498353/?ref_=adv_li_tt","/title/tt3322940/?ref_=adv_li_tt","/title/tt0106308/?ref_=adv_li_tt","/title/tt0099582/?ref_=adv_li_tt","/title/tt2667380/?ref_=adv_li_tt","/title/tt0104070/?ref_=adv_li_tt","/title/tt0303816/?ref_=adv_li_tt","/title/tt0087363/?ref_=adv_li_tt","/title/tt1588173/?ref_=adv_li_tt","/title/tt3718778/?ref_=adv_li_tt","/title/tt1935897/?ref_=adv_li_tt","/title/tt0138704/?ref_=adv_li_tt","/title/tt4866448/?ref_=adv_li_tt","/title/tt0419706/?ref_=adv_li_tt","/title/tt2975578/?ref_=adv_li_tt","/title/tt1127180/?ref_=adv_li_tt","/title/tt0370263/?ref_=adv_li_tt","/title/tt0046876/?ref_=adv_li_tt","/title/tt0389722/?ref_=adv_li_tt","/title/tt0359013/?ref_=adv_li_tt","/title/tt0098084/?ref_=adv_li_tt","/title/tt1428538/?ref_=adv_li_tt","/title/tt4966532/?ref_=adv_li_tt","/title/tt7086706/?ref_=adv_li_tt","/title/tt4030600/?ref_=adv_li_tt","/title/tt4229954/?ref_=adv_li_tt","/title/tt5322012/?ref_=adv_li_tt","/title/tt3079768/?ref_=adv_li_tt","/title/tt0373883/?ref_=adv_li_tt","/title/tt1595680/?ref_=adv_li_tt","/title/tt0104029/?ref_=adv_li_tt","/title/tt0301470/?ref_=adv_li_tt","/title/tt6859762/?ref_=adv_li_tt","/title/tt1262416/?ref_=adv_li_tt","/title/tt1188729/?ref_=adv_li_tt","/title/tt0195714/?ref_=adv_li_tt","/title/tt0162661/?ref_=adv_li_tt","/title/tt0078935/?ref_=adv_li_tt","/title/tt0087050/?ref_=adv_li_tt","/title/tt2758950/?ref_=adv_li_tt","/title/tt0114508/?ref_=adv_li_tt","/title/tt1228987/?ref_=adv_li_tt","/title/tt3335606/?ref_=adv_li_tt","/title/tt3234552/?ref_=adv_li_tt","/title/tt0209958/?ref_=adv_li_tt","/title/tt5121816/?ref_=adv_li_tt","/title/tt6149936/?ref_=adv_li_tt","/title/tt0092991/?ref_=adv_li_tt","/title/tt4898282/?ref_=adv_li_tt","/title/tt3216348/?ref_=adv_li_tt","/title/tt0318627/?ref_=adv_li_tt","/title/tt1530509/?ref_=adv_li_tt","/title/tt0057773/?ref_=adv_li_tt","/title/tt0089908/?ref_=adv_li_tt","/title/tt0119345/?ref_=adv_li_tt","/title/tt1139797/?ref_=adv_li_tt","/title/tt0475944/?ref_=adv_li_tt","/title/tt5265960/?ref_=adv_li_tt","/title/tt1611224/?ref_=adv_li_tt","/title/tt0074486/?ref_=adv_li_tt","/title/tt1531901/?ref_=adv_li_tt","/title/tt0859163/?ref_=adv_li_tt","/title/tt5875646/?ref_=adv_li_tt","/title/tt6087426/?ref_=adv_li_tt","/title/tt0076786/?ref_=adv_li_tt","/title/tt6298780/?ref_=adv_li_tt","/title/tt0117894/?ref_=adv_li_tt","/title/tt0377309/?ref_=adv_li_tt","/title/tt0397065/?ref_=adv_li_tt","/title/tt0111987/?ref_=adv_li_tt","/title/tt7076834/?ref_=adv_li_tt","/title/tt2937366/?ref_=adv_li_tt","/title/tt3387542/?ref_=adv_li_tt","/title/tt1220634/?ref_=adv_li_tt","/title/tt1029360/?ref_=adv_li_tt","/title/tt7171022/?ref_=adv_li_tt","/title/tt0074751/?ref_=adv_li_tt","/title/tt1881002/?ref_=adv_li_tt","/title/tt0391198/?ref_=adv_li_tt","/title/tt6130902/?ref_=adv_li_tt","/title/tt0238546/?ref_=adv_li_tt","/title/tt0090021/?ref_=adv_li_tt","/title/tt0103893/?ref_=adv_li_tt","/title/tt0120681/?ref_=adv_li_tt","/title/tt0120177/?ref_=adv_li_tt","/title/tt0288477/?ref_=adv_li_tt","/title/tt1588170/?ref_=adv_li_tt","/title/tt0092240/?ref_=adv_li_tt","/title/tt0185937/?ref_=adv_li_tt","/title/tt1976009/?ref_=adv_li_tt","/title/tt1883367/?ref_=adv_li_tt","/title/tt3230780/?ref_=adv_li_tt","/title/tt6499752/?ref_=adv_li_tt","/title/tt0108941/?ref_=adv_li_tt","/title/tt0464041/?ref_=adv_li_tt","/title/tt4536768/?ref_=adv_li_tt","/title/tt0105665/?ref_=adv_li_tt","/title/tt0103352/?ref_=adv_li_tt","/title/tt7069210/?ref_=adv_li_tt","/title/tt1204977/?ref_=adv_li_tt","/title/tt6217804/?ref_=adv_li_tt","/title/tt5157052/?ref_=adv_li_tt","/title/tt5472896/?ref_=adv_li_tt","/title/tt2742544/?ref_=adv_li_tt","/title/tt0324216/?ref_=adv_li_tt","/title/tt3774802/?ref_=adv_li_tt","/title/tt1496422/?ref_=adv_li_tt","/title/tt0309593/?ref_=adv_li_tt","/title/tt0433362/?ref_=adv_li_tt","/title/tt1582507/?ref_=adv_li_tt","/title/tt0080360/?ref_=adv_li_tt","/title/tt0844479/?ref_=adv_li_tt","/title/tt5722214/?ref_=adv_li_tt","/title/tt4761916/?ref_=adv_li_tt","/title/tt0059978/?ref_=adv_li_tt","/title/tt2870612/?ref_=adv_li_tt","/title/tt2537176/?ref_=adv_li_tt","/title/tt0164052/?ref_=adv_li_tt","/title/tt1855325/?ref_=adv_li_tt","/title/tt0068622/?ref_=adv_li_tt","/title/tt2140553/?ref_=adv_li_tt","/title/tt3086442/?ref_=adv_li_tt","/title/tt0120082/?ref_=adv_li_tt","/title/tt3286052/?ref_=adv_li_tt","/title/tt0133751/?ref_=adv_li_tt","/title/tt0455407/?ref_=adv_li_tt","/title/tt0118615/?ref_=adv_li_tt","/title/tt1020530/?ref_=adv_li_tt","/title/tt0089175/?ref_=adv_li_tt","/title/tt0100403/?ref_=adv_li_tt","/title/tt0057729/?ref_=adv_li_tt","/title/tt0450385/?ref_=adv_li_tt","/title/tt2235779/?ref_=adv_li_tt","/title/tt1660055/?ref_=adv_li_tt","/title/tt1596365/?ref_=adv_li_tt","/title/tt1418377/?ref_=adv_li_tt","/title/tt1314655/?ref_=adv_li_tt","/title/tt4003440/?ref_=adv_li_tt","/title/tt0285531/?ref_=adv_li_tt","/title/tt0134084/?ref_=adv_li_tt","/title/tt0938330/?ref_=adv_li_tt","/title/tt0838247/?ref_=adv_li_tt","/title/tt4552524/?ref_=adv_li_tt","/title/tt5457484/?ref_=adv_li_tt","/title/tt2377322/?ref_=adv_li_tt","/title/tt0374102/?ref_=adv_li_tt","/title/tt0432021/?ref_=adv_li_tt","/title/tt4439120/?ref_=adv_li_tt","/title/tt0455760/?ref_=adv_li_tt","/title/tt2582500/?ref_=adv_li_tt","/title/tt1349938/?ref_=adv_li_tt","/title/tt0404032/?ref_=adv_li_tt","/title/tt3352390/?ref_=adv_li_tt","/title/tt5669936/?ref_=adv_li_tt","/title/tt0331632/?ref_=adv_li_tt","/title/tt1183374/?ref_=adv_li_tt","/title/tt3118452/?ref_=adv_li_tt","/title/tt5059406/?ref_=adv_li_tt","/title/tt0086541/?ref_=adv_li_tt","/title/tt5085522/?ref_=adv_li_tt","/title/tt5641542/?ref_=adv_li_tt","/title/tt0171363/?ref_=adv_li_tt","/title/tt5325452/?ref_=adv_li_tt","/title/tt0327162/?ref_=adv_li_tt","/title/tt5435476/?ref_=adv_li_tt","/title/tt0120907/?ref_=adv_li_tt","/title/tt0109836/?ref_=adv_li_tt","/title/tt1267299/?ref_=adv_li_tt","/title/tt0146336/?ref_=adv_li_tt","/title/tt0083722/?ref_=adv_li_tt","/title/tt1179904/?ref_=adv_li_tt","/title/tt4262980/?ref_=adv_li_tt","/title/tt2017561/?ref_=adv_li_tt","/title/tt0439815/?ref_=adv_li_tt","/title/tt0099871/?ref_=adv_li_tt","/title/tt0077402/?ref_=adv_li_tt","/title/tt3038546/?ref_=adv_li_tt","/title/tt0072752/?ref_=adv_li_tt","/title/tt0120694/?ref_=adv_li_tt","/title/tt2918436/?ref_=adv_li_tt","/title/tt0107034/?ref_=adv_li_tt","/title/tt0356618/?ref_=adv_li_tt","/title/tt3850590/?ref_=adv_li_tt","/title/tt0758730/?ref_=adv_li_tt","/title/tt1477076/?ref_=adv_li_tt","/title/tt0112111/?ref_=adv_li_tt","/title/tt1496025/?ref_=adv_li_tt","/title/tt4181782/?ref_=adv_li_tt","/title/tt0082495/?ref_=adv_li_tt","/title/tt0094761/?ref_=adv_li_tt","/title/tt0116654/?ref_=adv_li_tt","/title/tt0432348/?ref_=adv_li_tt","/title/tt0056687/?ref_=adv_li_tt","/title/tt0815245/?ref_=adv_li_tt","/title/tt0082933/?ref_=adv_li_tt","/title/tt0065327/?ref_=adv_li_tt","/title/tt6401004/?ref_=adv_li_tt","/title/tt0367959/?ref_=adv_li_tt","/title/tt4935372/?ref_=adv_li_tt","/title/tt0780653/?ref_=adv_li_tt","/title/tt0069995/?ref_=adv_li_tt","/title/tt3838992/?ref_=adv_li_tt","/title/tt0384806/?ref_=adv_li_tt","/title/tt0382077/?ref_=adv_li_tt","/title/tt3131050/?ref_=adv_li_tt","/title/tt4126568/?ref_=adv_li_tt","/title/tt6064882/?ref_=adv_li_tt","/title/tt1567437/?ref_=adv_li_tt","/title/tt0013442/?ref_=adv_li_tt","/title/tt2359704/?ref_=adv_li_tt","/title/tt1748227/?ref_=adv_li_tt","/title/tt0091499/?ref_=adv_li_tt","/title/tt2724064/?ref_=adv_li_tt","/title/tt1486185/?ref_=adv_li_tt","/title/tt1270761/?ref_=adv_li_tt","/title/tt0822847/?ref_=adv_li_tt","/title/tt0063350/?ref_=adv_li_tt","/title/tt0331953/?ref_=adv_li_tt","/title/tt0103873/?ref_=adv_li_tt","/title/tt0414982/?ref_=adv_li_tt","/title/tt2118624/?ref_=adv_li_tt","/title/tt0068833/?ref_=adv_li_tt","/title/tt1622979/?ref_=adv_li_tt","/title/tt5254868/?ref_=adv_li_tt","/title/tt0077713/?ref_=adv_li_tt","/title/tt0085382/?ref_=adv_li_tt","/title/tt0926129/?ref_=adv_li_tt","/title/tt2494376/?ref_=adv_li_tt","/title/tt1714203/?ref_=adv_li_tt","/title/tt0089907/?ref_=adv_li_tt","/title/tt0075005/?ref_=adv_li_tt","/title/tt5085924/?ref_=adv_li_tt","/title/tt1748179/?ref_=adv_li_tt","/title/tt1991245/?ref_=adv_li_tt","/title/tt0790686/?ref_=adv_li_tt","/title/tt1160996/?ref_=adv_li_tt","/title/tt1179069/?ref_=adv_li_tt","/title/tt0296042/?ref_=adv_li_tt","/title/tt3480662/?ref_=adv_li_tt","/title/tt4460878/?ref_=adv_li_tt","/title/tt6598072/?ref_=adv_li_tt","/title/tt3976144/?ref_=adv_li_tt","/title/tt1767354/?ref_=adv_li_tt","/title/tt2230358/?ref_=adv_li_tt","/title/tt1540011/?ref_=adv_li_tt","/title/tt4805316/?ref_=adv_li_tt","/title/tt0489270/?ref_=adv_li_tt","/title/tt0100944/?ref_=adv_li_tt","/title/tt0087298/?ref_=adv_li_tt","/title/tt0237534/?ref_=adv_li_tt","/title/tt2984576/?ref_=adv_li_tt","/title/tt1528071/?ref_=adv_li_tt","/title/tt2944198/?ref_=adv_li_tt","/title/tt0094964/?ref_=adv_li_tt","/title/tt0955346/?ref_=adv_li_tt","/title/tt1311067/?ref_=adv_li_tt","/title/tt6980596/?ref_=adv_li_tt","/title/tt2950342/?ref_=adv_li_tt","/title/tt0077766/?ref_=adv_li_tt","/title/tt2490326/?ref_=adv_li_tt","/title/tt0079844/?ref_=adv_li_tt","/title/tt0338095/?ref_=adv_li_tt","/title/tt5189828/?ref_=adv_li_tt","/title/tt1878841/?ref_=adv_li_tt","/title/tt1687901/?ref_=adv_li_tt","/title/tt3723788/?ref_=adv_li_tt","/title/tt0348836/?ref_=adv_li_tt","/title/tt0070917/?ref_=adv_li_tt","/title/tt0095444/?ref_=adv_li_tt","/title/tt0219653/?ref_=adv_li_tt","/title/tt0083972/?ref_=adv_li_tt","/title/tt0086154/?ref_=adv_li_tt","/title/tt1437358/?ref_=adv_li_tt","/title/tt2105044/?ref_=adv_li_tt","/title/tt0775440/?ref_=adv_li_tt","/title/tt1352824/?ref_=adv_li_tt","/title/tt0078259/?ref_=adv_li_tt","/title/tt0082449/?ref_=adv_li_tt","/title/tt1780798/?ref_=adv_li_tt","/title/tt0024216/?ref_=adv_li_tt","/title/tt5598292/?ref_=adv_li_tt","/title/tt5278832/?ref_=adv_li_tt","/title/tt2752772/?ref_=adv_li_tt","/title/tt0383222/?ref_=adv_li_tt","/title/tt0103919/?ref_=adv_li_tt","/title/tt0161081/?ref_=adv_li_tt","/title/tt0292800/?ref_=adv_li_tt","/title/tt0318871/?ref_=adv_li_tt","/title/tt1457765/?ref_=adv_li_tt","/title/tt0228333/?ref_=adv_li_tt","/title/tt0093629/?ref_=adv_li_tt","/title/tt0297284/?ref_=adv_li_tt","/title/tt4578118/?ref_=adv_li_tt","/title/tt0116365/?ref_=adv_li_tt","/title/tt3177316/?ref_=adv_li_tt","/title/tt5807606/?ref_=adv_li_tt","/title/tt2597892/?ref_=adv_li_tt","/title/tt0077745/?ref_=adv_li_tt","/title/tt0080749/?ref_=adv_li_tt","/title/tt3424690/?ref_=adv_li_tt","/title/tt0094332/?ref_=adv_li_tt","/title/tt0129332/?ref_=adv_li_tt","/title/tt0098354/?ref_=adv_li_tt","/title/tt0139414/?ref_=adv_li_tt","/title/tt4610748/?ref_=adv_li_tt","/title/tt3622110/?ref_=adv_li_tt","/title/tt1772264/?ref_=adv_li_tt","/title/tt3278330/?ref_=adv_li_tt","/title/tt4365566/?ref_=adv_li_tt","/title/tt0089109/?ref_=adv_li_tt","/title/tt0211443/?ref_=adv_li_tt","/title/tt0146675/?ref_=adv_li_tt","/title/tt5181852/?ref_=adv_li_tt","/title/tt0144120/?ref_=adv_li_tt","/title/tt0280609/?ref_=adv_li_tt","/title/tt1767382/?ref_=adv_li_tt","/title/tt0082418/?ref_=adv_li_tt","/title/tt2296682/?ref_=adv_li_tt","/title/tt0073393/?ref_=adv_li_tt","/title/tt0219699/?ref_=adv_li_tt","/title/tt0091223/?ref_=adv_li_tt","/title/tt4009278/?ref_=adv_li_tt","/title/tt4118606/?ref_=adv_li_tt","/title/tt0397101/?ref_=adv_li_tt","/title/tt3908142/?ref_=adv_li_tt","/title/tt0090887/?ref_=adv_li_tt","/title/tt1206546/?ref_=adv_li_tt","/title/tt3363888/?ref_=adv_li_tt","/title/tt0468492/?ref_=adv_li_tt","/title/tt0185371/?ref_=adv_li_tt","/title/tt0455857/?ref_=adv_li_tt","/title/tt3923662/?ref_=adv_li_tt","/title/tt0452702/?ref_=adv_li_tt","/title/tt1179891/?ref_=adv_li_tt","/title/tt0816436/?ref_=adv_li_tt","/title/tt0441796/?ref_=adv_li_tt","/title/tt3310896/?ref_=adv_li_tt","/title/tt4281724/?ref_=adv_li_tt","/title/tt0086491/?ref_=adv_li_tt","/title/tt3322892/?ref_=adv_li_tt","/title/tt1232320/?ref_=adv_li_tt","/title/tt5688868/?ref_=adv_li_tt","/title/tt0145531/?ref_=adv_li_tt","/title/tt0104692/?ref_=adv_li_tt","/title/tt0118460/?ref_=adv_li_tt","/title/tt1132626/?ref_=adv_li_tt","/title/tt3610746/?ref_=adv_li_tt","/title/tt0795351/?ref_=adv_li_tt","/title/tt2993508/?ref_=adv_li_tt","/title/tt1255916/?ref_=adv_li_tt","/title/tt3387648/?ref_=adv_li_tt","/title/tt2103217/?ref_=adv_li_tt","/title/tt0489974/?ref_=adv_li_tt","/title/tt4728386/?ref_=adv_li_tt","/title/tt0081455/?ref_=adv_li_tt","/title/tt0093300/?ref_=adv_li_tt","/title/tt0105643/?ref_=adv_li_tt","/title/tt0086320/?ref_=adv_li_tt","/title/tt0091080/?ref_=adv_li_tt","/title/tt7043012/?ref_=adv_li_tt","/title/tt7895904/?ref_=adv_li_tt","/title/tt2387433/?ref_=adv_li_tt","/title/tt1905040/?ref_=adv_li_tt","/title/tt5923962/?ref_=adv_li_tt","/title/tt0093605/?ref_=adv_li_tt","/title/tt0097162/?ref_=adv_li_tt","/title/tt0105121/?ref_=adv_li_tt","/title/tt2783862/?ref_=adv_li_tt","/title/tt2375779/?ref_=adv_li_tt","/title/tt2577172/?ref_=adv_li_tt","/title/tt0083767/?ref_=adv_li_tt","/title/tt4667854/?ref_=adv_li_tt","/title/tt0021884/?ref_=adv_li_tt","/title/tt0164181/?ref_=adv_li_tt","/title/tt0113409/?ref_=adv_li_tt","/title/tt0416315/?ref_=adv_li_tt","/title/tt0077681/?ref_=adv_li_tt","/title/tt0235198/?ref_=adv_li_tt","/title/tt5776208/?ref_=adv_li_tt","/title/tt2364897/?ref_=adv_li_tt","/title/tt1181791/?ref_=adv_li_tt","/title/tt0805570/?ref_=adv_li_tt","/title/tt0873886/?ref_=adv_li_tt","/title/tt2119543/?ref_=adv_li_tt","/title/tt2965466/?ref_=adv_li_tt","/title/tt0420294/?ref_=adv_li_tt","/title/tt5815944/?ref_=adv_li_tt","/title/tt0963794/?ref_=adv_li_tt","/title/tt3358020/?ref_=adv_li_tt","/title/tt0093560/?ref_=adv_li_tt","/title/tt5334704/?ref_=adv_li_tt","/title/tt0418819/?ref_=adv_li_tt","/title/tt4105970/?ref_=adv_li_tt","/title/tt0082533/?ref_=adv_li_tt","/title/tt3074694/?ref_=adv_li_tt","/title/tt1959332/?ref_=adv_li_tt","/title/tt0387575/?ref_=adv_li_tt","/title/tt2521668/?ref_=adv_li_tt","/title/tt0089173/?ref_=adv_li_tt","/title/tt2799012/?ref_=adv_li_tt","/title/tt0806203/?ref_=adv_li_tt","/title/tt1139668/?ref_=adv_li_tt","/title/tt0369226/?ref_=adv_li_tt","/title/tt0281686/?ref_=adv_li_tt","/title/tt1144884/?ref_=adv_li_tt","/title/tt0108473/?ref_=adv_li_tt","/title/tt0184135/?ref_=adv_li_tt","/title/tt0095179/?ref_=adv_li_tt","/title/tt0189998/?ref_=adv_li_tt","/title/tt7510346/?ref_=adv_li_tt","/title/tt0449487/?ref_=adv_li_tt","/title/tt0800069/?ref_=adv_li_tt","/title/tt0120184/?ref_=adv_li_tt","/title/tt5774450/?ref_=adv_li_tt","/title/tt0156887/?ref_=adv_li_tt","/title/tt1740707/?ref_=adv_li_tt","/title/tt1082868/?ref_=adv_li_tt","/title/tt0071003/?ref_=adv_li_tt","/title/tt6089700/?ref_=adv_li_tt","/title/tt0450345/?ref_=adv_li_tt","/title/tt4191580/?ref_=adv_li_tt","/title/tt0092610/?ref_=adv_li_tt","/title/tt3074952/?ref_=adv_li_tt","/title/tt0089686/?ref_=adv_li_tt","/title/tt1074206/?ref_=adv_li_tt","/title/tt4831420/?ref_=adv_li_tt","/title/tt0431021/?ref_=adv_li_tt","/title/tt4480398/?ref_=adv_li_tt","/title/tt0022835/?ref_=adv_li_tt","/title/tt0079285/?ref_=adv_li_tt","/title/tt0338094/?ref_=adv_li_tt","/title/tt4877736/?ref_=adv_li_tt","/title/tt0092115/?ref_=adv_li_tt","/title/tt7126746/?ref_=adv_li_tt","/title/tt0470055/?ref_=adv_li_tt","/title/tt1161864/?ref_=adv_li_tt","/title/tt0862856/?ref_=adv_li_tt","/title/tt1865567/?ref_=adv_li_tt","/title/tt0366627/?ref_=adv_li_tt","/title/tt4530884/?ref_=adv_li_tt","/title/tt6086082/?ref_=adv_li_tt","/title/tt0026685/?ref_=adv_li_tt","/title/tt0111742/?ref_=adv_li_tt","/title/tt4667084/?ref_=adv_li_tt","/title/tt0111686/?ref_=adv_li_tt","/title/tt0259153/?ref_=adv_li_tt","/title/tt0095271/?ref_=adv_li_tt","/title/tt0113253/?ref_=adv_li_tt","/title/tt1727434/?ref_=adv_li_tt","/title/tt0085407/?ref_=adv_li_tt","/title/tt4669296/?ref_=adv_li_tt","/title/tt0890870/?ref_=adv_li_tt","/title/tt2326554/?ref_=adv_li_tt","/title/tt0097388/?ref_=adv_li_tt","/title/tt1841642/?ref_=adv_li_tt","/title/tt0075888/?ref_=adv_li_tt","/title/tt0056777/?ref_=adv_li_tt","/title/tt1731697/?ref_=adv_li_tt","/title/tt0454970/?ref_=adv_li_tt","/title/tt0381966/?ref_=adv_li_tt","/title/tt0762073/?ref_=adv_li_tt","/title/tt4441098/?ref_=adv_li_tt","/title/tt0073582/?ref_=adv_li_tt","/title/tt0099700/?ref_=adv_li_tt","/title/tt4273292/?ref_=adv_li_tt","/title/tt0092076/?ref_=adv_li_tt","/title/tt1233227/?ref_=adv_li_tt","/title/tt0044121/?ref_=adv_li_tt","/title/tt1817771/?ref_=adv_li_tt","/title/tt4503598/?ref_=adv_li_tt","/title/tt3339674/?ref_=adv_li_tt","/title/tt0089885/?ref_=adv_li_tt","/title/tt0457572/?ref_=adv_li_tt","/title/tt0425430/?ref_=adv_li_tt","/title/tt4797436/?ref_=adv_li_tt","/title/tt1772240/?ref_=adv_li_tt","/title/tt3395184/?ref_=adv_li_tt","/title/tt0105428/?ref_=adv_li_tt","/title/tt1975159/?ref_=adv_li_tt","/title/tt0086814/?ref_=adv_li_tt","/title/tt1142977/?ref_=adv_li_tt","/title/tt0492044/?ref_=adv_li_tt","/title/tt0856288/?ref_=adv_li_tt","/title/tt0402901/?ref_=adv_li_tt","/title/tt0087175/?ref_=adv_li_tt","/title/tt2996684/?ref_=adv_li_tt","/title/tt0099052/?ref_=adv_li_tt","/title/tt7471004/?ref_=adv_li_tt","/title/tt0021814/?ref_=adv_li_tt","/title/tt3554580/?ref_=adv_li_tt","/title/tt4392454/?ref_=adv_li_tt","/title/tt2781516/?ref_=adv_li_tt","/title/tt0073747/?ref_=adv_li_tt","/title/tt0085750/?ref_=adv_li_tt","/title/tt0101917/?ref_=adv_li_tt","/title/tt0095294/?ref_=adv_li_tt","/title/tt1389139/?ref_=adv_li_tt","/title/tt1640459/?ref_=adv_li_tt","/title/tt0377109/?ref_=adv_li_tt","/title/tt0027521/?ref_=adv_li_tt","/title/tt6574272/?ref_=adv_li_tt","/title/tt2948160/?ref_=adv_li_tt","/title/tt0071650/?ref_=adv_li_tt","/title/tt0082118/?ref_=adv_li_tt","/title/tt4537888/?ref_=adv_li_tt","/title/tt0470705/?ref_=adv_li_tt","/title/tt0075592/?ref_=adv_li_tt","/title/tt1612774/?ref_=adv_li_tt","/title/tt0486051/?ref_=adv_li_tt","/title/tt5210998/?ref_=adv_li_tt","/title/tt6051424/?ref_=adv_li_tt","/title/tt1369706/?ref_=adv_li_tt","/title/tt0107254/?ref_=adv_li_tt","/title/tt0138510/?ref_=adv_li_tt","/title/tt0138956/?ref_=adv_li_tt","/title/tt4670016/?ref_=adv_li_tt","/title/tt0095742/?ref_=adv_li_tt","/title/tt1434435/?ref_=adv_li_tt","/title/tt0271367/?ref_=adv_li_tt","/title/tt0120877/?ref_=adv_li_tt","/title/tt7379872/?ref_=adv_li_tt","/title/tt2784512/?ref_=adv_li_tt","/title/tt0089489/?ref_=adv_li_tt","/title/tt0079714/?ref_=adv_li_tt","/title/tt0088634/?ref_=adv_li_tt","/title/tt6104206/?ref_=adv_li_tt","/title/tt0112040/?ref_=adv_li_tt","/title/tt0365929/?ref_=adv_li_tt","/title/tt1262413/?ref_=adv_li_tt","/title/tt0078767/?ref_=adv_li_tt","/title/tt1512685/?ref_=adv_li_tt","/title/tt2309021/?ref_=adv_li_tt","/title/tt0118956/?ref_=adv_li_tt","/title/tt3963226/?ref_=adv_li_tt","/title/tt0088814/?ref_=adv_li_tt","/title/tt4419364/?ref_=adv_li_tt","/title/tt0480669/?ref_=adv_li_tt","/title/tt0099697/?ref_=adv_li_tt","/title/tt0422401/?ref_=adv_li_tt","/title/tt0087799/?ref_=adv_li_tt","/title/tt0110763/?ref_=adv_li_tt","/title/tt1560220/?ref_=adv_li_tt","/title/tt0114194/?ref_=adv_li_tt","/title/tt0220880/?ref_=adv_li_tt","/title/tt0454082/?ref_=adv_li_tt","/title/tt1913166/?ref_=adv_li_tt","/title/tt0482599/?ref_=adv_li_tt","/title/tt0382628/?ref_=adv_li_tt","/title/tt4823434/?ref_=adv_li_tt","/title/tt0090190/?ref_=adv_li_tt","/title/tt1545106/?ref_=adv_li_tt","/title/tt0265349/?ref_=adv_li_tt","/title/tt5887650/?ref_=adv_li_tt","/title/tt0074102/?ref_=adv_li_tt","/title/tt6990734/?ref_=adv_li_tt","/title/tt2131532/?ref_=adv_li_tt","/title/tt2474976/?ref_=adv_li_tt","/title/tt7517016/?ref_=adv_li_tt","/title/tt0099253/?ref_=adv_li_tt","/title/tt0432291/?ref_=adv_li_tt","/title/tt0204626/?ref_=adv_li_tt","/title/tt0115270/?ref_=adv_li_tt","/title/tt0100260/?ref_=adv_li_tt","/title/tt5170810/?ref_=adv_li_tt","/title/tt3496892/?ref_=adv_li_tt","/title/tt7012864/?ref_=adv_li_tt","/title/tt2345613/?ref_=adv_li_tt","/title/tt1984153/?ref_=adv_li_tt","/title/tt3039472/?ref_=adv_li_tt","/title/tt0105128/?ref_=adv_li_tt","/title/tt0290747/?ref_=adv_li_tt","/title/tt0872230/?ref_=adv_li_tt","/title/tt1679482/?ref_=adv_li_tt","/title/tt0358456/?ref_=adv_li_tt","/title/tt0397044/?ref_=adv_li_tt","/title/tt0084745/?ref_=adv_li_tt","/title/tt6688354/?ref_=adv_li_tt","/title/tt3612032/?ref_=adv_li_tt","/title/tt0490076/?ref_=adv_li_tt","/title/tt0099528/?ref_=adv_li_tt","/title/tt0804555/?ref_=adv_li_tt","/title/tt0100254/?ref_=adv_li_tt","/title/tt0480489/?ref_=adv_li_tt","/title/tt3742982/?ref_=adv_li_tt","/title/tt0093608/?ref_=adv_li_tt","/title/tt0120603/?ref_=adv_li_tt","/title/tt2281159/?ref_=adv_li_tt","/title/tt2309260/?ref_=adv_li_tt","/title/tt4557208/?ref_=adv_li_tt","/title/tt0097474/?ref_=adv_li_tt","/title/tt4145760/?ref_=adv_li_tt","/title/tt4998772/?ref_=adv_li_tt","/title/tt0010323/?ref_=adv_li_tt","/title/tt3317522/?ref_=adv_li_tt","/title/tt2473510/?ref_=adv_li_tt","/title/tt3458254/?ref_=adv_li_tt","/title/tt1783732/?ref_=adv_li_tt","/title/tt0085636/?ref_=adv_li_tt","/title/tt0448190/?ref_=adv_li_tt","/title/tt0077588/?ref_=adv_li_tt","/title/tt4303340/?ref_=adv_li_tt","/title/tt0095652/?ref_=adv_li_tt","/title/tt6298000/?ref_=adv_li_tt","/title/tt0088993/?ref_=adv_li_tt","/title/tt0120004/?ref_=adv_li_tt","/title/tt4337944/?ref_=adv_li_tt","/title/tt0095488/?ref_=adv_li_tt","/title/tt0134983/?ref_=adv_li_tt","/title/tt0088478/?ref_=adv_li_tt","/title/tt0093777/?ref_=adv_li_tt","/title/tt1403241/?ref_=adv_li_tt","/title/tt0465203/?ref_=adv_li_tt","/title/tt1316037/?ref_=adv_li_tt","/title/tt5431600/?ref_=adv_li_tt","/title/tt2936024/?ref_=adv_li_tt","/title/tt0085701/?ref_=adv_li_tt","/title/tt4898730/?ref_=adv_li_tt","/title/tt2450186/?ref_=adv_li_tt","/title/tt1172994/?ref_=adv_li_tt","/title/tt6555628/?ref_=adv_li_tt","/title/tt1316536/?ref_=adv_li_tt","/title/tt0083624/?ref_=adv_li_tt","/title/tt0061655/?ref_=adv_li_tt","/title/tt0433386/?ref_=adv_li_tt","/title/tt4433646/?ref_=adv_li_tt","/title/tt4935418/?ref_=adv_li_tt","/title/tt4589218/?ref_=adv_li_tt","/title/tt1010271/?ref_=adv_li_tt","/title/tt1572306/?ref_=adv_li_tt","/title/tt7578566/?ref_=adv_li_tt","/title/tt0285728/?ref_=adv_li_tt","/title/tt0091799/?ref_=adv_li_tt","/title/tt1245112/?ref_=adv_li_tt","/title/tt0087075/?ref_=adv_li_tt","/title/tt6905696/?ref_=adv_li_tt","/title/tt2072230/?ref_=adv_li_tt","/title/tt1788391/?ref_=adv_li_tt","/title/tt1214085/?ref_=adv_li_tt","/title/tt0091083/?ref_=adv_li_tt","/title/tt0220506/?ref_=adv_li_tt","/title/tt1535616/?ref_=adv_li_tt","/title/tt0076162/?ref_=adv_li_tt","/title/tt1703199/?ref_=adv_li_tt","/title/tt1524575/?ref_=adv_li_tt","/title/tt2761354/?ref_=adv_li_tt","/title/tt0282209/?ref_=adv_li_tt","/title/tt3212904/?ref_=adv_li_tt","/title/tt4814760/?ref_=adv_li_tt","/title/tt7390588/?ref_=adv_li_tt","/title/tt0023245/?ref_=adv_li_tt","/title/tt0317676/?ref_=adv_li_tt","/title/tt6038584/?ref_=adv_li_tt","/title/tt0426459/?ref_=adv_li_tt","/title/tt0365376/?ref_=adv_li_tt","/title/tt0118475/?ref_=adv_li_tt","/title/tt0112896/?ref_=adv_li_tt","/title/tt2793490/?ref_=adv_li_tt","/title/tt0089013/?ref_=adv_li_tt","/title/tt0051418/?ref_=adv_li_tt","/title/tt1534085/?ref_=adv_li_tt","/title/tt3334418/?ref_=adv_li_tt","/title/tt0104409/?ref_=adv_li_tt","/title/tt0261983/?ref_=adv_li_tt","/title/tt0130018/?ref_=adv_li_tt","/title/tt0076683/?ref_=adv_li_tt","/title/tt0091630/?ref_=adv_li_tt","/title/tt0808276/?ref_=adv_li_tt","/title/tt3330764/?ref_=adv_li_tt","/title/tt1649443/?ref_=adv_li_tt","/title/tt0076590/?ref_=adv_li_tt","/title/tt5719786/?ref_=adv_li_tt","/title/tt0103956/?ref_=adv_li_tt","/title/tt0079641/?ref_=adv_li_tt","/title/tt0242998/?ref_=adv_li_tt","/title/tt1232783/?ref_=adv_li_tt","/title/tt0080516/?ref_=adv_li_tt","/title/tt1649444/?ref_=adv_li_tt","/title/tt6404896/?ref_=adv_li_tt","/title/tt0410764/?ref_=adv_li_tt","/title/tt0111880/?ref_=adv_li_tt","/title/tt1765510/?ref_=adv_li_tt","/title/tt2988852/?ref_=adv_li_tt","/title/tt0093075/?ref_=adv_li_tt","/title/tt4401006/?ref_=adv_li_tt","/title/tt4180514/?ref_=adv_li_tt","/title/tt0339736/?ref_=adv_li_tt","/title/tt0071222/?ref_=adv_li_tt","/title/tt6269810/?ref_=adv_li_tt","/title/tt0428251/?ref_=adv_li_tt","/title/tt2393827/?ref_=adv_li_tt","/title/tt3311020/?ref_=adv_li_tt","/title/tt0960890/?ref_=adv_li_tt","/title/tt5607616/?ref_=adv_li_tt","/title/tt3705412/?ref_=adv_li_tt","/title/tt0101088/?ref_=adv_li_tt","/title/tt0114852/?ref_=adv_li_tt","/title/tt0437179/?ref_=adv_li_tt","/title/tt0479528/?ref_=adv_li_tt","/title/tt0090094/?ref_=adv_li_tt","/title/tt7976502/?ref_=adv_li_tt","/title/tt1799631/?ref_=adv_li_tt","/title/tt1633356/?ref_=adv_li_tt","/title/tt7984734/?ref_=adv_li_tt","/title/tt0082700/?ref_=adv_li_tt","/title/tt5537534/?ref_=adv_li_tt","/title/tt1659343/?ref_=adv_li_tt","/title/tt5225338/?ref_=adv_li_tt","/title/tt3998516/?ref_=adv_li_tt","/title/tt3620452/?ref_=adv_li_tt","/title/tt2581244/?ref_=adv_li_tt","/title/tt0454919/?ref_=adv_li_tt","/title/tt2059171/?ref_=adv_li_tt","/title/tt1519461/?ref_=adv_li_tt","/title/tt0078087/?ref_=adv_li_tt","/title/tt0804516/?ref_=adv_li_tt","/title/tt0204313/?ref_=adv_li_tt","/title/tt0787505/?ref_=adv_li_tt","/title/tt4267026/?ref_=adv_li_tt","/title/tt5759314/?ref_=adv_li_tt","/title/tt1836195/?ref_=adv_li_tt","/title/tt7427856/?ref_=adv_li_tt","/title/tt1438173/?ref_=adv_li_tt","/title/tt3899154/?ref_=adv_li_tt","/title/tt0466909/?ref_=adv_li_tt","/title/tt1305562/?ref_=adv_li_tt","/title/tt0087909/?ref_=adv_li_tt","/title/tt0906734/?ref_=adv_li_tt","/title/tt0053459/?ref_=adv_li_tt","/title/tt6191390/?ref_=adv_li_tt","/title/tt0071994/?ref_=adv_li_tt","/title/tt2069797/?ref_=adv_li_tt","/title/tt0264508/?ref_=adv_li_tt","/title/tt0073705/?ref_=adv_li_tt","/title/tt0081738/?ref_=adv_li_tt","/title/tt0088889/?ref_=adv_li_tt","/title/tt0081184/?ref_=adv_li_tt","/title/tt0099763/?ref_=adv_li_tt","/title/tt0120458/?ref_=adv_li_tt","/title/tt0097981/?ref_=adv_li_tt","/title/tt1051906/?ref_=adv_li_tt","/title/tt0120841/?ref_=adv_li_tt","/title/tt0210070/?ref_=adv_li_tt","/title/tt1555093/?ref_=adv_li_tt","/title/tt0092622/?ref_=adv_li_tt","/title/tt3829378/?ref_=adv_li_tt","/title/tt5497534/?ref_=adv_li_tt","/title/tt2300975/?ref_=adv_li_tt","/title/tt2290739/?ref_=adv_li_tt","/title/tt0082245/?ref_=adv_li_tt","/title/tt0082307/?ref_=adv_li_tt","/title/tt3733778/?ref_=adv_li_tt","/title/tt0110978/?ref_=adv_li_tt","/title/tt0075809/?ref_=adv_li_tt","/title/tt0100258/?ref_=adv_li_tt","/title/tt2339741/?ref_=adv_li_tt","/title/tt0366174/?ref_=adv_li_tt","/title/tt0054167/?ref_=adv_li_tt","/title/tt4329806/?ref_=adv_li_tt","/title/tt3445580/?ref_=adv_li_tt","/title/tt0135659/?ref_=adv_li_tt","/title/tt1285482/?ref_=adv_li_tt","/title/tt1017464/?ref_=adv_li_tt","/title/tt2109184/?ref_=adv_li_tt","/title/tt0082334/?ref_=adv_li_tt","/title/tt1071873/?ref_=adv_li_tt","/title/tt1457762/?ref_=adv_li_tt","/title/tt0095925/?ref_=adv_li_tt","/title/tt6958030/?ref_=adv_li_tt","/title/tt0082427/?ref_=adv_li_tt","/title/tt2513092/?ref_=adv_li_tt","/title/tt0055018/?ref_=adv_li_tt","/title/tt0082431/?ref_=adv_li_tt","/title/tt3702652/?ref_=adv_li_tt","/title/tt5931670/?ref_=adv_li_tt","/title/tt0046911/?ref_=adv_li_tt","/title/tt0097368/?ref_=adv_li_tt","/title/tt1685401/?ref_=adv_li_tt","/title/tt0080923/?ref_=adv_li_tt","/title/tt0492486/?ref_=adv_li_tt","/title/tt1320244/?ref_=adv_li_tt","/title/tt1278340/?ref_=adv_li_tt","/title/tt0087262/?ref_=adv_li_tt","/title/tt4796122/?ref_=adv_li_tt","/title/tt0109723/?ref_=adv_li_tt","/title/tt6878760/?ref_=adv_li_tt","/title/tt1663655/?ref_=adv_li_tt","/title/tt1713476/?ref_=adv_li_tt","/title/tt0318252/?ref_=adv_li_tt","/title/tt0078908/?ref_=adv_li_tt","/title/tt0495212/?ref_=adv_li_tt","/title/tt0814685/?ref_=adv_li_tt","/title/tt3899796/?ref_=adv_li_tt","/title/tt5574078/?ref_=adv_li_tt","/title/tt4518962/?ref_=adv_li_tt","/title/tt0084749/?ref_=adv_li_tt","/title/tt0059646/?ref_=adv_li_tt","/title/tt8134742/?ref_=adv_li_tt","/title/tt0026663/?ref_=adv_li_tt","/title/tt0964539/?ref_=adv_li_tt","/title/tt4457344/?ref_=adv_li_tt","/title/tt0095088/?ref_=adv_li_tt","/title/tt0179061/?ref_=adv_li_tt","/title/tt2503154/?ref_=adv_li_tt","/title/tt1320291/?ref_=adv_li_tt","/title/tt3106120/?ref_=adv_li_tt","/title/tt3113696/?ref_=adv_li_tt","/title/tt0844894/?ref_=adv_li_tt","/title/tt6266306/?ref_=adv_li_tt","/title/tt2473682/?ref_=adv_li_tt","/title/tt0080057/?ref_=adv_li_tt","/title/tt0077355/?ref_=adv_li_tt","/title/tt0119791/?ref_=adv_li_tt","/title/tt0460651/?ref_=adv_li_tt","/title/tt0081383/?ref_=adv_li_tt","/title/tt0048554/?ref_=adv_li_tt","/title/tt0936471/?ref_=adv_li_tt","/title/tt1709143/?ref_=adv_li_tt","/title/tt1536044/?ref_=adv_li_tt","/title/tt0084777/?ref_=adv_li_tt","/title/tt0076009/?ref_=adv_li_tt","/title/tt0120524/?ref_=adv_li_tt","/title/tt4935334/?ref_=adv_li_tt","/title/tt0963194/?ref_=adv_li_tt","/title/tt0116514/?ref_=adv_li_tt","/title/tt0134619/?ref_=adv_li_tt","/title/tt3814634/?ref_=adv_li_tt","/title/tt7958736/?ref_=adv_li_tt","/title/tt0060666/?ref_=adv_li_tt","/title/tt0090837/?ref_=adv_li_tt","/title/tt0455960/?ref_=adv_li_tt","/title/tt1756851/?ref_=adv_li_tt","/title/tt0023194/?ref_=adv_li_tt","/title/tt2954474/?ref_=adv_li_tt","/title/tt2480514/?ref_=adv_li_tt","/title/tt2633076/?ref_=adv_li_tt","/title/tt0469111/?ref_=adv_li_tt","/title/tt6571148/?ref_=adv_li_tt","/title/tt3692652/?ref_=adv_li_tt","/title/tt1634121/?ref_=adv_li_tt","/title/tt0077533/?ref_=adv_li_tt","/title/tt4515762/?ref_=adv_li_tt","/title/tt0098320/?ref_=adv_li_tt","/title/tt0823333/?ref_=adv_li_tt","/title/tt0138797/?ref_=adv_li_tt","/title/tt1711018/?ref_=adv_li_tt","/title/tt2799166/?ref_=adv_li_tt","/title/tt0310357/?ref_=adv_li_tt","/title/tt0319970/?ref_=adv_li_tt","/title/tt1112285/?ref_=adv_li_tt","/title/tt0257516/?ref_=adv_li_tt","/title/tt0117826/?ref_=adv_li_tt","/title/tt4961380/?ref_=adv_li_tt","/title/tt0052077/?ref_=adv_li_tt","/title/tt0049366/?ref_=adv_li_tt","/title/tt0097179/?ref_=adv_li_tt","/title/tt0047034/?ref_=adv_li_tt","/title/tt3487410/?ref_=adv_li_tt","/title/tt0896534/?ref_=adv_li_tt","/title/tt1560985/?ref_=adv_li_tt","/title/tt1658837/?ref_=adv_li_tt","/title/tt3619070/?ref_=adv_li_tt","/title/tt0094057/?ref_=adv_li_tt","/title/tt1464580/?ref_=adv_li_tt","/title/tt5154288/?ref_=adv_li_tt","/title/tt1087461/?ref_=adv_li_tt","/title/tt2071491/?ref_=adv_li_tt","/title/tt4264426/?ref_=adv_li_tt","/title/tt0114608/?ref_=adv_li_tt","/title/tt0114720/?ref_=adv_li_tt","/title/tt0062898/?ref_=adv_li_tt","/title/tt7110510/?ref_=adv_li_tt","/title/tt2093977/?ref_=adv_li_tt","/title/tt1935896/?ref_=adv_li_tt","/title/tt2111392/?ref_=adv_li_tt","/title/tt1261978/?ref_=adv_li_tt","/title/tt0303361/?ref_=adv_li_tt","/title/tt0110329/?ref_=adv_li_tt","/title/tt0089730/?ref_=adv_li_tt","/title/tt3533916/?ref_=adv_li_tt","/title/tt0116861/?ref_=adv_li_tt","/title/tt0054033/?ref_=adv_li_tt","/title/tt6791238/?ref_=adv_li_tt","/title/tt1716747/?ref_=adv_li_tt","/title/tt0047200/?ref_=adv_li_tt","/title/tt0081112/?ref_=adv_li_tt","/title/tt0099277/?ref_=adv_li_tt","/title/tt0080904/?ref_=adv_li_tt","/title/tt0026138/?ref_=adv_li_tt","/title/tt0099994/?ref_=adv_li_tt","/title/tt7740616/?ref_=adv_li_tt","/title/tt1594562/?ref_=adv_li_tt","/title/tt1672087/?ref_=adv_li_tt","/title/tt0475937/?ref_=adv_li_tt","/title/tt1020885/?ref_=adv_li_tt","/title/tt0364385/?ref_=adv_li_tt","/title/tt5735280/?ref_=adv_li_tt","/title/tt0440803/?ref_=adv_li_tt","/title/tt0057129/?ref_=adv_li_tt","/title/tt6215712/?ref_=adv_li_tt","/title/tt0094512/?ref_=adv_li_tt","/title/tt1695843/?ref_=adv_li_tt","/title/tt3517984/?ref_=adv_li_tt","/title/tt1772379/?ref_=adv_li_tt","/title/tt0068290/?ref_=adv_li_tt","/title/tt0076150/?ref_=adv_li_tt","/title/tt1621748/?ref_=adv_li_tt","/title/tt2187884/?ref_=adv_li_tt","/title/tt4102722/?ref_=adv_li_tt","/title/tt0093220/?ref_=adv_li_tt","/title/tt0308152/?ref_=adv_li_tt","/title/tt5119116/?ref_=adv_li_tt","/title/tt0099611/?ref_=adv_li_tt","/title/tt0101627/?ref_=adv_li_tt","/title/tt6076226/?ref_=adv_li_tt","/title/tt6095090/?ref_=adv_li_tt","/title/tt0829176/?ref_=adv_li_tt","/title/tt1031280/?ref_=adv_li_tt","/title/tt0047573/?ref_=adv_li_tt","/title/tt5860084/?ref_=adv_li_tt","/title/tt4929720/?ref_=adv_li_tt","/title/tt0354623/?ref_=adv_li_tt","/title/tt0410650/?ref_=adv_li_tt","/title/tt6136778/?ref_=adv_li_tt","/title/tt0092796/?ref_=adv_li_tt","/title/tt0857376/?ref_=adv_li_tt","/title/tt0053337/?ref_=adv_li_tt","/title/tt4163020/?ref_=adv_li_tt","/title/tt5798078/?ref_=adv_li_tt","/title/tt0951335/?ref_=adv_li_tt","/title/tt0468536/?ref_=adv_li_tt","/title/tt0080354/?ref_=adv_li_tt","/title/tt0209095/?ref_=adv_li_tt","/title/tt0096543/?ref_=adv_li_tt","/title/tt0092357/?ref_=adv_li_tt","/title/tt0144814/?ref_=adv_li_tt","/title/tt3138558/?ref_=adv_li_tt","/title/tt0229260/?ref_=adv_li_tt","/title/tt6973866/?ref_=adv_li_tt","/title/tt3467412/?ref_=adv_li_tt","/title/tt0100740/?ref_=adv_li_tt","/title/tt0098253/?ref_=adv_li_tt","/title/tt0082951/?ref_=adv_li_tt","/title/tt3327624/?ref_=adv_li_tt","/title/tt1545660/?ref_=adv_li_tt","/title/tt0089200/?ref_=adv_li_tt","/title/tt2960930/?ref_=adv_li_tt","/title/tt0995941/?ref_=adv_li_tt","/title/tt0088263/?ref_=adv_li_tt","/title/tt4928166/?ref_=adv_li_tt","/title/tt1870419/?ref_=adv_li_tt","/title/tt0098143/?ref_=adv_li_tt","/title/tt2040560/?ref_=adv_li_tt","/title/tt0102724/?ref_=adv_li_tt","/title/tt5686622/?ref_=adv_li_tt","/title/tt0089562/?ref_=adv_li_tt","/title/tt0048977/?ref_=adv_li_tt","/title/tt3007132/?ref_=adv_li_tt","/title/tt0229440/?ref_=adv_li_tt","/title/tt0073820/?ref_=adv_li_tt","/title/tt0178868/?ref_=adv_li_tt","/title/tt2517658/?ref_=adv_li_tt","/title/tt1620981/?ref_=adv_li_tt","/title/tt0099817/?ref_=adv_li_tt","/title/tt0037988/?ref_=adv_li_tt","/title/tt0082498/?ref_=adv_li_tt","/title/tt3949658/?ref_=adv_li_tt","/title/tt2012511/?ref_=adv_li_tt","/title/tt1763264/?ref_=adv_li_tt","/title/tt0085694/?ref_=adv_li_tt","/title/tt0099710/?ref_=adv_li_tt","/title/tt2561546/?ref_=adv_li_tt","/title/tt0450336/?ref_=adv_li_tt","/title/tt0353324/?ref_=adv_li_tt","/title/tt0113636/?ref_=adv_li_tt","/title/tt1320304/?ref_=adv_li_tt","/title/tt0099524/?ref_=adv_li_tt","/title/tt7450356/?ref_=adv_li_tt","/title/tt4279116/?ref_=adv_li_tt","/title/tt0098577/?ref_=adv_li_tt","/title/tt6763664/?ref_=adv_li_tt","/title/tt4687276/?ref_=adv_li_tt","/title/tt3560148/?ref_=adv_li_tt","/title/tt0087015/?ref_=adv_li_tt","/title/tt5838282/?ref_=adv_li_tt","/title/tt2844798/?ref_=adv_li_tt","/title/tt0016220/?ref_=adv_li_tt","/title/tt0437857/?ref_=adv_li_tt","/title/tt0082748/?ref_=adv_li_tt","/title/tt0479968/?ref_=adv_li_tt","/title/tt1778304/?ref_=adv_li_tt","/title/tt2535470/?ref_=adv_li_tt","/title/tt1909447/?ref_=adv_li_tt","/title/tt3062074/?ref_=adv_li_tt","/title/tt0114825/?ref_=adv_li_tt","/title/tt0082379/?ref_=adv_li_tt","/title/tt0095583/?ref_=adv_li_tt","/title/tt2815072/?ref_=adv_li_tt","/title/tt2328902/?ref_=adv_li_tt","/title/tt0059743/?ref_=adv_li_tt","/title/tt0098622/?ref_=adv_li_tt","/title/tt0051554/?ref_=adv_li_tt","/title/tt5834800/?ref_=adv_li_tt","/title/tt5940448/?ref_=adv_li_tt","/title/tt0119891/?ref_=adv_li_tt","/title/tt3816458/?ref_=adv_li_tt","/title/tt0055830/?ref_=adv_li_tt","/title/tt0086610/?ref_=adv_li_tt","/title/tt0066516/?ref_=adv_li_tt","/title/tt5039088/?ref_=adv_li_tt","/title/tt0083959/?ref_=adv_li_tt","/title/tt1989475/?ref_=adv_li_tt","/title/tt5662550/?ref_=adv_li_tt","/title/tt5810378/?ref_=adv_li_tt","/title/tt2481496/?ref_=adv_li_tt","/title/tt3698558/?ref_=adv_li_tt","/title/tt3603808/?ref_=adv_li_tt","/title/tt3520418/?ref_=adv_li_tt","/title/tt0175526/?ref_=adv_li_tt","/title/tt0406759/?ref_=adv_li_tt","/title/tt3311988/?ref_=adv_li_tt","/title/tt4279012/?ref_=adv_li_tt","/title/tt0119227/?ref_=adv_li_tt","/title/tt0103417/?ref_=adv_li_tt","/title/tt0095990/?ref_=adv_li_tt","/title/tt1606610/?ref_=adv_li_tt","/title/tt2784936/?ref_=adv_li_tt","/title/tt3526286/?ref_=adv_li_tt","/title/tt0082782/?ref_=adv_li_tt","/title/tt0093677/?ref_=adv_li_tt","/title/tt5748392/?ref_=adv_li_tt","/title/tt4381236/?ref_=adv_li_tt","/title/tt2832470/?ref_=adv_li_tt","/title/tt0090655/?ref_=adv_li_tt","/title/tt4163224/?ref_=adv_li_tt","/title/tt4727692/?ref_=adv_li_tt","/title/tt0077394/?ref_=adv_li_tt","/title/tt0085031/?ref_=adv_li_tt","/title/tt0085780/?ref_=adv_li_tt","/title/tt0107665/?ref_=adv_li_tt","/title/tt1757841/?ref_=adv_li_tt","/title/tt2268419/?ref_=adv_li_tt","/title/tt1270835/?ref_=adv_li_tt","/title/tt4291590/?ref_=adv_li_tt","/title/tt3224036/?ref_=adv_li_tt","/title/tt2027136/?ref_=adv_li_tt","/title/tt0051622/?ref_=adv_li_tt","/title/tt0444682/?ref_=adv_li_tt","/title/tt0091778/?ref_=adv_li_tt","/title/tt0779982/?ref_=adv_li_tt","/title/tt1610996/?ref_=adv_li_tt","/title/tt0429573/?ref_=adv_li_tt","/title/tt8031422/?ref_=adv_li_tt","/title/tt0080130/?ref_=adv_li_tt","/title/tt1290135/?ref_=adv_li_tt","/title/tt1185266/?ref_=adv_li_tt","/title/tt1480285/?ref_=adv_li_tt","/title/tt0259685/?ref_=adv_li_tt","/title/tt7078780/?ref_=adv_li_tt","/title/tt2099556/?ref_=adv_li_tt","/title/tt0053559/?ref_=adv_li_tt","/title/tt3504048/?ref_=adv_li_tt","/title/tt1433822/?ref_=adv_li_tt","/title/tt2383068/?ref_=adv_li_tt","/title/tt0118604/?ref_=adv_li_tt","/title/tt6772946/?ref_=adv_li_tt","/title/tt0113690/?ref_=adv_li_tt","/title/tt4687358/?ref_=adv_li_tt","/title/tt0096071/?ref_=adv_li_tt","/title/tt1548635/?ref_=adv_li_tt","/title/tt0051744/?ref_=adv_li_tt","/title/tt4126394/?ref_=adv_li_tt","/title/tt6332764/?ref_=adv_li_tt","/title/tt0079073/?ref_=adv_li_tt","/title/tt4036886/?ref_=adv_li_tt","/title/tt7315484/?ref_=adv_li_tt","/title/tt0216651/?ref_=adv_li_tt","/title/tt0107953/?ref_=adv_li_tt","/title/tt5060166/?ref_=adv_li_tt","/title/tt4411234/?ref_=adv_li_tt","/title/tt0077945/?ref_=adv_li_tt","/title/tt4227282/?ref_=adv_li_tt","/title/tt2825240/?ref_=adv_li_tt","/title/tt0489018/?ref_=adv_li_tt","/title/tt3704538/?ref_=adv_li_tt","/title/tt0068713/?ref_=adv_li_tt","/title/tt0023694/?ref_=adv_li_tt","/title/tt0082910/?ref_=adv_li_tt","/title/tt0076504/?ref_=adv_li_tt","/title/tt1212452/?ref_=adv_li_tt","/title/tt0403358/?ref_=adv_li_tt","/title/tt0094834/?ref_=adv_li_tt","/title/tt0067991/?ref_=adv_li_tt","/title/tt0362355/?ref_=adv_li_tt","/title/tt4266076/?ref_=adv_li_tt","/title/tt2330322/?ref_=adv_li_tt","/title/tt3993732/?ref_=adv_li_tt","/title/tt0090917/?ref_=adv_li_tt","/title/tt1999890/?ref_=adv_li_tt","/title/tt1226681/?ref_=adv_li_tt","/title/tt5184904/?ref_=adv_li_tt","/title/tt2165859/?ref_=adv_li_tt","/title/tt2923088/?ref_=adv_li_tt","/title/tt4459912/?ref_=adv_li_tt","/title/tt1053859/?ref_=adv_li_tt","/title/tt1929276/?ref_=adv_li_tt","/title/tt0770762/?ref_=adv_li_tt","/title/tt0045888/?ref_=adv_li_tt","/title/tt3581920/?ref_=adv_li_tt","/title/tt7091300/?ref_=adv_li_tt","/title/tt1391034/?ref_=adv_li_tt","/title/tt1977895/?ref_=adv_li_tt","/title/tt4788736/?ref_=adv_li_tt","/title/tt1603257/?ref_=adv_li_tt","/title/tt5226220/?ref_=adv_li_tt","/title/tt2023690/?ref_=adv_li_tt","/title/tt4513538/?ref_=adv_li_tt","/title/tt3291104/?ref_=adv_li_tt","/title/tt0878695/?ref_=adv_li_tt","/title/tt0848557/?ref_=adv_li_tt","/title/tt6713802/?ref_=adv_li_tt","/title/tt0067457/?ref_=adv_li_tt","/title/tt6450628/?ref_=adv_li_tt","/title/tt6988208/?ref_=adv_li_tt","/title/tt2543336/?ref_=adv_li_tt","/title/tt0080391/?ref_=adv_li_tt","/title/tt0088117/?ref_=adv_li_tt","/title/tt0355987/?ref_=adv_li_tt","/title/tt2071550/?ref_=adv_li_tt","/title/tt0085159/?ref_=adv_li_tt","/title/tt0837563/?ref_=adv_li_tt","/title/tt1723124/?ref_=adv_li_tt","/title/tt3763912/?ref_=adv_li_tt","/title/tt1316554/?ref_=adv_li_tt","/title/tt2883352/?ref_=adv_li_tt","/title/tt6508228/?ref_=adv_li_tt","/title/tt0093185/?ref_=adv_li_tt","/title/tt0065143/?ref_=adv_li_tt","/title/tt1379177/?ref_=adv_li_tt","/title/tt5009286/?ref_=adv_li_tt","/title/tt0034587/?ref_=adv_li_tt","/title/tt4483220/?ref_=adv_li_tt","/title/tt6251024/?ref_=adv_li_tt","/title/tt0071675/?ref_=adv_li_tt","/title/tt7214470/?ref_=adv_li_tt","/title/tt6719524/?ref_=adv_li_tt","/title/tt0109592/?ref_=adv_li_tt","/title/tt0024184/?ref_=adv_li_tt","/title/tt2078718/?ref_=adv_li_tt","/title/tt0091142/?ref_=adv_li_tt","/title/tt2294227/?ref_=adv_li_tt","/title/tt1031254/?ref_=adv_li_tt","/title/tt0070622/?ref_=adv_li_tt","/title/tt0113757/?ref_=adv_li_tt","/title/tt4730706/?ref_=adv_li_tt","/title/tt5822712/?ref_=adv_li_tt","/title/tt0081114/?ref_=adv_li_tt","/title/tt0066518/?ref_=adv_li_tt","/title/tt0080040/?ref_=adv_li_tt","/title/tt0093624/?ref_=adv_li_tt","/title/tt5361064/?ref_=adv_li_tt","/title/tt0095379/?ref_=adv_li_tt","/title/tt0377713/?ref_=adv_li_tt","/title/tt0090196/?ref_=adv_li_tt","/title/tt0327375/?ref_=adv_li_tt","/title/tt0165623/?ref_=adv_li_tt","/title/tt0023238/?ref_=adv_li_tt","/title/tt1332653/?ref_=adv_li_tt","/title/tt0106664/?ref_=adv_li_tt","/title/tt1063056/?ref_=adv_li_tt","/title/tt3569570/?ref_=adv_li_tt","/title/tt2025667/?ref_=adv_li_tt","/title/tt3612126/?ref_=adv_li_tt","/title/tt3081268/?ref_=adv_li_tt","/title/tt0401815/?ref_=adv_li_tt","/title/tt7630550/?ref_=adv_li_tt","/title/tt0075704/?ref_=adv_li_tt","/title/tt0092906/?ref_=adv_li_tt","/title/tt6244528/?ref_=adv_li_tt","/title/tt4963986/?ref_=adv_li_tt","/title/tt6131712/?ref_=adv_li_tt","/title/tt1488163/?ref_=adv_li_tt","/title/tt2090440/?ref_=adv_li_tt","/title/tt0367093/?ref_=adv_li_tt","/title/tt0097390/?ref_=adv_li_tt","/title/tt4158594/?ref_=adv_li_tt","/title/tt0056415/?ref_=adv_li_tt","/title/tt3826866/?ref_=adv_li_tt","/title/tt0108906/?ref_=adv_li_tt","/title/tt0069895/?ref_=adv_li_tt","/title/tt1153546/?ref_=adv_li_tt","/title/tt5189770/?ref_=adv_li_tt","/title/tt0102960/?ref_=adv_li_tt","/title/tt1576699/?ref_=adv_li_tt","/title/tt1852770/?ref_=adv_li_tt","/title/tt0772152/?ref_=adv_li_tt","/title/tt0096118/?ref_=adv_li_tt","/title/tt0804507/?ref_=adv_li_tt","/title/tt0284929/?ref_=adv_li_tt","/title/tt5206770/?ref_=adv_li_tt","/title/tt5338744/?ref_=adv_li_tt","/title/tt2386278/?ref_=adv_li_tt","/title/tt4877606/?ref_=adv_li_tt","/title/tt0094793/?ref_=adv_li_tt","/title/tt4288674/?ref_=adv_li_tt","/title/tt1735485/?ref_=adv_li_tt","/title/tt0047577/?ref_=adv_li_tt","/title/tt7525970/?ref_=adv_li_tt","/title/tt0120695/?ref_=adv_li_tt","/title/tt0094035/?ref_=adv_li_tt","/title/tt0094919/?ref_=adv_li_tt","/title/tt3087752/?ref_=adv_li_tt","/title/tt2229511/?ref_=adv_li_tt","/title/tt0816556/?ref_=adv_li_tt","/title/tt0464196/?ref_=adv_li_tt","/title/tt2004432/?ref_=adv_li_tt","/title/tt2510434/?ref_=adv_li_tt","/title/tt0083550/?ref_=adv_li_tt","/title/tt1209393/?ref_=adv_li_tt","/title/tt0082479/?ref_=adv_li_tt","/title/tt0959329/?ref_=adv_li_tt","/title/tt7562182/?ref_=adv_li_tt","/title/tt5004766/?ref_=adv_li_tt","/title/tt7160308/?ref_=adv_li_tt","/title/tt0112922/?ref_=adv_li_tt","/title/tt0357507/?ref_=adv_li_tt","/title/tt1183732/?ref_=adv_li_tt","/title/tt0318081/?ref_=adv_li_tt","/title/tt4858114/?ref_=adv_li_tt","/title/tt3655682/?ref_=adv_li_tt","/title/tt0077889/?ref_=adv_li_tt","/title/tt0478833/?ref_=adv_li_tt","/title/tt0060270/?ref_=adv_li_tt","/title/tt4314716/?ref_=adv_li_tt","/title/tt0091276/?ref_=adv_li_tt","/title/tt0116075/?ref_=adv_li_tt","/title/tt3778010/?ref_=adv_li_tt","/title/tt2364842/?ref_=adv_li_tt","/title/tt0089308/?ref_=adv_li_tt","/title/tt0092074/?ref_=adv_li_tt","/title/tt3549636/?ref_=adv_li_tt","/title/tt2375574/?ref_=adv_li_tt","/title/tt4240654/?ref_=adv_li_tt","/title/tt5806506/?ref_=adv_li_tt","/title/tt0455362/?ref_=adv_li_tt","/title/tt0780607/?ref_=adv_li_tt","/title/tt5913798/?ref_=adv_li_tt","/title/tt3800796/?ref_=adv_li_tt","/title/tt0489235/?ref_=adv_li_tt","/title/tt7232438/?ref_=adv_li_tt","/title/tt1390535/?ref_=adv_li_tt","/title/tt3148348/?ref_=adv_li_tt","/title/tt0094860/?ref_=adv_li_tt","/title/tt0212879/?ref_=adv_li_tt","/title/tt0283877/?ref_=adv_li_tt","/title/tt0204700/?ref_=adv_li_tt","/title/tt2006890/?ref_=adv_li_tt","/title/tt2918116/?ref_=adv_li_tt","/title/tt0114609/?ref_=adv_li_tt","/title/tt0273517/?ref_=adv_li_tt","/title/tt3108604/?ref_=adv_li_tt","/title/tt1643222/?ref_=adv_li_tt","/title/tt0116095/?ref_=adv_li_tt","/title/tt0099384/?ref_=adv_li_tt","/title/tt0189047/?ref_=adv_li_tt","/title/tt0080934/?ref_=adv_li_tt","/title/tt1673423/?ref_=adv_li_tt","/title/tt5497458/?ref_=adv_li_tt","/title/tt0062870/?ref_=adv_li_tt","/title/tt0070444/?ref_=adv_li_tt","/title/tt0339294/?ref_=adv_li_tt","/title/tt0096251/?ref_=adv_li_tt","/title/tt5294518/?ref_=adv_li_tt","/title/tt0120860/?ref_=adv_li_tt","/title/tt4031126/?ref_=adv_li_tt","/title/tt3333870/?ref_=adv_li_tt","/title/tt0106156/?ref_=adv_li_tt","/title/tt1023500/?ref_=adv_li_tt","/title/tt1699231/?ref_=adv_li_tt","/title/tt2309961/?ref_=adv_li_tt","/title/tt1694021/?ref_=adv_li_tt","/title/tt7441032/?ref_=adv_li_tt","/title/tt0124102/?ref_=adv_li_tt","/title/tt4386242/?ref_=adv_li_tt","/title/tt0075931/?ref_=adv_li_tt","/title/tt0081318/?ref_=adv_li_tt","/title/tt2176165/?ref_=adv_li_tt","/title/tt7520216/?ref_=adv_li_tt","/title/tt0807832/?ref_=adv_li_tt","/title/tt2664880/?ref_=adv_li_tt","/title/tt0375210/?ref_=adv_li_tt","/title/tt5532370/?ref_=adv_li_tt","/title/tt1712578/?ref_=adv_li_tt","/title/tt1045655/?ref_=adv_li_tt","/title/tt0449086/?ref_=adv_li_tt","/title/tt1129428/?ref_=adv_li_tt","/title/tt0081677/?ref_=adv_li_tt","/title/tt2597242/?ref_=adv_li_tt","/title/tt2527186/?ref_=adv_li_tt","/title/tt0063715/?ref_=adv_li_tt","/title/tt2126362/?ref_=adv_li_tt","/title/tt0098692/?ref_=adv_li_tt","/title/tt2929652/?ref_=adv_li_tt","/title/tt4052050/?ref_=adv_li_tt","/title/tt0264530/?ref_=adv_li_tt","/title/tt2404738/?ref_=adv_li_tt","/title/tt0106452/?ref_=adv_li_tt","/title/tt7347846/?ref_=adv_li_tt","/title/tt5058340/?ref_=adv_li_tt","/title/tt0057569/?ref_=adv_li_tt","/title/tt1753496/?ref_=adv_li_tt","/title/tt0084556/?ref_=adv_li_tt","/title/tt4044896/?ref_=adv_li_tt","/title/tt0066740/?ref_=adv_li_tt","/title/tt5078188/?ref_=adv_li_tt","/title/tt0410730/?ref_=adv_li_tt","/title/tt1522846/?ref_=adv_li_tt","/title/tt0054067/?ref_=adv_li_tt","/title/tt0078405/?ref_=adv_li_tt","/title/tt0124014/?ref_=adv_li_tt","/title/tt4147780/?ref_=adv_li_tt","/title/tt2011276/?ref_=adv_li_tt","/title/tt5339418/?ref_=adv_li_tt","/title/tt0384286/?ref_=adv_li_tt","/title/tt4669278/?ref_=adv_li_tt","/title/tt5345298/?ref_=adv_li_tt","/title/tt2948566/?ref_=adv_li_tt","/title/tt2370228/?ref_=adv_li_tt","/title/tt0109327/?ref_=adv_li_tt","/title/tt2620736/?ref_=adv_li_tt","/title/tt0082000/?ref_=adv_li_tt","/title/tt0116671/?ref_=adv_li_tt","/title/tt0095889/?ref_=adv_li_tt","/title/tt0476958/?ref_=adv_li_tt","/title/tt0434685/?ref_=adv_li_tt","/title/tt6251230/?ref_=adv_li_tt","/title/tt4766568/?ref_=adv_li_tt","/title/tt1134854/?ref_=adv_li_tt","/title/tt2102496/?ref_=adv_li_tt","/title/tt5603186/?ref_=adv_li_tt","/title/tt1172571/?ref_=adv_li_tt","/title/tt4147210/?ref_=adv_li_tt","/title/tt0334541/?ref_=adv_li_tt","/title/tt0048696/?ref_=adv_li_tt","/title/tt1958043/?ref_=adv_li_tt","/title/tt0160184/?ref_=adv_li_tt","/title/tt0495241/?ref_=adv_li_tt","/title/tt0084719/?ref_=adv_li_tt","/title/tt5592878/?ref_=adv_li_tt","/title/tt0084695/?ref_=adv_li_tt","/title/tt2420756/?ref_=adv_li_tt","/title/tt2231554/?ref_=adv_li_tt","/title/tt5685006/?ref_=adv_li_tt","/title/tt5815510/?ref_=adv_li_tt","/title/tt3627704/?ref_=adv_li_tt","/title/tt0308379/?ref_=adv_li_tt","/title/tt1817276/?ref_=adv_li_tt","/title/tt0056405/?ref_=adv_li_tt","/title/tt0040068/?ref_=adv_li_tt","/title/tt0452592/?ref_=adv_li_tt","/title/tt3399484/?ref_=adv_li_tt","/title/tt0088961/?ref_=adv_li_tt","/title/tt4464394/?ref_=adv_li_tt","/title/tt5734576/?ref_=adv_li_tt","/title/tt0070698/?ref_=adv_li_tt","/title/tt0019130/?ref_=adv_li_tt","/title/tt1094581/?ref_=adv_li_tt","/title/tt0096426/?ref_=adv_li_tt","/title/tt0082966/?ref_=adv_li_tt","/title/tt0461703/?ref_=adv_li_tt","/title/tt0058700/?ref_=adv_li_tt","/title/tt0283632/?ref_=adv_li_tt","/title/tt0090849/?ref_=adv_li_tt","/title/tt0034398/?ref_=adv_li_tt","/title/tt0099363/?ref_=adv_li_tt","/title/tt4294052/?ref_=adv_li_tt","/title/tt4743562/?ref_=adv_li_tt","/title/tt0082235/?ref_=adv_li_tt","/title/tt3675748/?ref_=adv_li_tt","/title/tt0074258/?ref_=adv_li_tt","/title/tt0082592/?ref_=adv_li_tt","/title/tt0094886/?ref_=adv_li_tt","/title/tt0087981/?ref_=adv_li_tt","/title/tt2443822/?ref_=adv_li_tt","/title/tt0067656/?ref_=adv_li_tt","/title/tt0051422/?ref_=adv_li_tt","/title/tt3534842/?ref_=adv_li_tt","/title/tt1525366/?ref_=adv_li_tt","/title/tt0068264/?ref_=adv_li_tt","/title/tt0988849/?ref_=adv_li_tt","/title/tt7976208/?ref_=adv_li_tt","/title/tt0189392/?ref_=adv_li_tt","/title/tt0462485/?ref_=adv_li_tt","/title/tt0423668/?ref_=adv_li_tt","/title/tt0286751/?ref_=adv_li_tt","/title/tt0250698/?ref_=adv_li_tt","/title/tt2885628/?ref_=adv_li_tt","/title/tt0081764/?ref_=adv_li_tt","/title/tt0105459/?ref_=adv_li_tt","/title/tt0115610/?ref_=adv_li_tt","/title/tt0325547/?ref_=adv_li_tt","/title/tt0457297/?ref_=adv_li_tt","/title/tt5167934/?ref_=adv_li_tt","/title/tt2446040/?ref_=adv_li_tt","/title/tt0106620/?ref_=adv_li_tt","/title/tt0098193/?ref_=adv_li_tt","/title/tt3699692/?ref_=adv_li_tt","/title/tt0082377/?ref_=adv_li_tt","/title/tt0075342/?ref_=adv_li_tt","/title/tt0091829/?ref_=adv_li_tt","/title/tt3808102/?ref_=adv_li_tt","/title/tt0120604/?ref_=adv_li_tt","/title/tt4035898/?ref_=adv_li_tt","/title/tt5480782/?ref_=adv_li_tt","/title/tt5481404/?ref_=adv_li_tt","/title/tt0101420/?ref_=adv_li_tt","/title/tt0013257/?ref_=adv_li_tt","/title/tt4399590/?ref_=adv_li_tt","/title/tt0473333/?ref_=adv_li_tt","/title/tt6951902/?ref_=adv_li_tt","/title/tt0105217/?ref_=adv_li_tt","/title/tt0066492/?ref_=adv_li_tt","/title/tt1886644/?ref_=adv_li_tt","/title/tt0414731/?ref_=adv_li_tt","/title/tt0063759/?ref_=adv_li_tt","/title/tt0163983/?ref_=adv_li_tt","/title/tt0036261/?ref_=adv_li_tt","/title/tt0074593/?ref_=adv_li_tt","/title/tt0080931/?ref_=adv_li_tt","/title/tt0076210/?ref_=adv_li_tt","/title/tt3584354/?ref_=adv_li_tt","/title/tt2486630/?ref_=adv_li_tt","/title/tt3279176/?ref_=adv_li_tt","/title/tt0020530/?ref_=adv_li_tt","/title/tt0961722/?ref_=adv_li_tt","/title/tt4538292/?ref_=adv_li_tt","/title/tt0095484/?ref_=adv_li_tt","/title/tt0082242/?ref_=adv_li_tt","/title/tt0094466/?ref_=adv_li_tt","/title/tt1525835/?ref_=adv_li_tt","/title/tt0907676/?ref_=adv_li_tt","/title/tt0104511/?ref_=adv_li_tt","/title/tt0082818/?ref_=adv_li_tt","/title/tt7493366/?ref_=adv_li_tt","/title/tt1147684/?ref_=adv_li_tt","/title/tt5076792/?ref_=adv_li_tt","/title/tt1833844/?ref_=adv_li_tt","/title/tt1757831/?ref_=adv_li_tt","/title/tt0093176/?ref_=adv_li_tt","/title/tt6164014/?ref_=adv_li_tt","/title/tt0070531/?ref_=adv_li_tt","/title/tt2332514/?ref_=adv_li_tt","/title/tt0091969/?ref_=adv_li_tt","/title/tt1629377/?ref_=adv_li_tt","/title/tt0481452/?ref_=adv_li_tt","/title/tt7329656/?ref_=adv_li_tt","/title/tt3345472/?ref_=adv_li_tt","/title/tt0304711/?ref_=adv_li_tt","/title/tt0099026/?ref_=adv_li_tt","/title/tt4682708/?ref_=adv_li_tt","/title/tt2948712/?ref_=adv_li_tt","/title/tt7131138/?ref_=adv_li_tt","/title/tt0113303/?ref_=adv_li_tt","/title/tt1641975/?ref_=adv_li_tt","/title/tt1701990/?ref_=adv_li_tt","/title/tt5828640/?ref_=adv_li_tt","/title/tt1105711/?ref_=adv_li_tt","/title/tt0276816/?ref_=adv_li_tt","/title/tt3148890/?ref_=adv_li_tt","/title/tt3014556/?ref_=adv_li_tt","/title/tt2279922/?ref_=adv_li_tt","/title/tt0101492/?ref_=adv_li_tt","/title/tt4441422/?ref_=adv_li_tt","/title/tt5810122/?ref_=adv_li_tt","/title/tt0084684/?ref_=adv_li_tt","/title/tt5502766/?ref_=adv_li_tt","/title/tt0451957/?ref_=adv_li_tt","/title/tt2358913/?ref_=adv_li_tt","/title/tt2926810/?ref_=adv_li_tt","/title/tt6693154/?ref_=adv_li_tt","/title/tt0056983/?ref_=adv_li_tt","/title/tt2210479/?ref_=adv_li_tt","/title/tt4086032/?ref_=adv_li_tt","/title/tt0172031/?ref_=adv_li_tt","/title/tt5280684/?ref_=adv_li_tt","/title/tt2274570/?ref_=adv_li_tt","/title/tt1772398/?ref_=adv_li_tt","/title/tt0082511/?ref_=adv_li_tt","/title/tt0097100/?ref_=adv_li_tt","/title/tt0324864/?ref_=adv_li_tt","/title/tt0395585/?ref_=adv_li_tt","/title/tt7638094/?ref_=adv_li_tt","/title/tt0985344/?ref_=adv_li_tt","/title/tt2251281/?ref_=adv_li_tt","/title/tt0808013/?ref_=adv_li_tt","/title/tt5940342/?ref_=adv_li_tt","/title/tt5473682/?ref_=adv_li_tt","/title/tt0409904/?ref_=adv_li_tt","/title/tt0092112/?ref_=adv_li_tt","/title/tt2501366/?ref_=adv_li_tt","/title/tt0264323/?ref_=adv_li_tt","/title/tt1400526/?ref_=adv_li_tt","/title/tt3639656/?ref_=adv_li_tt","/title/tt2872724/?ref_=adv_li_tt","/title/tt1235448/?ref_=adv_li_tt","/title/tt3177332/?ref_=adv_li_tt","/title/tt4499228/?ref_=adv_li_tt","/title/tt5161376/?ref_=adv_li_tt","/title/tt2318527/?ref_=adv_li_tt","/title/tt6727296/?ref_=adv_li_tt","/title/tt0066380/?ref_=adv_li_tt","/title/tt4479976/?ref_=adv_li_tt","/title/tt6905686/?ref_=adv_li_tt","/title/tt0420251/?ref_=adv_li_tt","/title/tt0804552/?ref_=adv_li_tt","/title/tt0096073/?ref_=adv_li_tt","/title/tt7018434/?ref_=adv_li_tt","/title/tt5563862/?ref_=adv_li_tt","/title/tt7689052/?ref_=adv_li_tt","/title/tt0092383/?ref_=adv_li_tt","/title/tt1362058/?ref_=adv_li_tt","/title/tt7349910/?ref_=adv_li_tt","/title/tt0102690/?ref_=adv_li_tt","/title/tt1674047/?ref_=adv_li_tt","/title/tt0371475/?ref_=adv_li_tt","/title/tt0450843/?ref_=adv_li_tt","/title/tt0074455/?ref_=adv_li_tt","/title/tt7046826/?ref_=adv_li_tt","/title/tt0419724/?ref_=adv_li_tt","/title/tt0075261/?ref_=adv_li_tt","/title/tt3320500/?ref_=adv_li_tt","/title/tt0123847/?ref_=adv_li_tt","/title/tt6302164/?ref_=adv_li_tt","/title/tt3836512/?ref_=adv_li_tt","/title/tt0095715/?ref_=adv_li_tt","/title/tt4060576/?ref_=adv_li_tt","/title/tt0104139/?ref_=adv_li_tt","/title/tt1100051/?ref_=adv_li_tt","/title/tt4475992/?ref_=adv_li_tt","/title/tt0069992/?ref_=adv_li_tt","/title/tt0361668/?ref_=adv_li_tt","/title/tt0465430/?ref_=adv_li_tt","/title/tt0050432/?ref_=adv_li_tt","/title/tt2710826/?ref_=adv_li_tt","/title/tt2885364/?ref_=adv_li_tt","/title/tt1727885/?ref_=adv_li_tt","/title/tt2638662/?ref_=adv_li_tt","/title/tt3432552/?ref_=adv_li_tt","/title/tt1327601/?ref_=adv_li_tt","/title/tt3301196/?ref_=adv_li_tt","/title/tt0422272/?ref_=adv_li_tt","/title/tt5113086/?ref_=adv_li_tt","/title/tt0078437/?ref_=adv_li_tt","/title/tt5786588/?ref_=adv_li_tt","/title/tt0071203/?ref_=adv_li_tt","/title/tt0060214/?ref_=adv_li_tt","/title/tt0080850/?ref_=adv_li_tt","/title/tt4577344/?ref_=adv_li_tt","/title/tt0075984/?ref_=adv_li_tt","/title/tt2043757/?ref_=adv_li_tt","/title/tt0073600/?ref_=adv_li_tt","/title/tt3894312/?ref_=adv_li_tt","/title/tt4269346/?ref_=adv_li_tt","/title/tt0113269/?ref_=adv_li_tt","/title/tt3397918/?ref_=adv_li_tt","/title/tt5176832/?ref_=adv_li_tt","/title/tt0089679/?ref_=adv_li_tt","/title/tt0055894/?ref_=adv_li_tt","/title/tt0209264/?ref_=adv_li_tt","/title/tt0484243/?ref_=adv_li_tt","/title/tt0119879/?ref_=adv_li_tt","/title/tt0075987/?ref_=adv_li_tt","/title/tt6528212/?ref_=adv_li_tt","/title/tt0844666/?ref_=adv_li_tt","/title/tt0077914/?ref_=adv_li_tt","/title/tt6039372/?ref_=adv_li_tt","/title/tt7575400/?ref_=adv_li_tt","/title/tt7631786/?ref_=adv_li_tt","/title/tt0080603/?ref_=adv_li_tt","/title/tt1884318/?ref_=adv_li_tt","/title/tt3171764/?ref_=adv_li_tt","/title/tt1452628/?ref_=adv_li_tt","/title/tt4511566/?ref_=adv_li_tt","/title/tt4067420/?ref_=adv_li_tt","/title/tt5013688/?ref_=adv_li_tt","/title/tt0084133/?ref_=adv_li_tt","/title/tt0050539/?ref_=adv_li_tt","/title/tt0082696/?ref_=adv_li_tt","/title/tt0118346/?ref_=adv_li_tt","/title/tt5974626/?ref_=adv_li_tt","/title/tt0055456/?ref_=adv_li_tt","/title/tt1842356/?ref_=adv_li_tt","/title/tt0070222/?ref_=adv_li_tt","/title/tt0107626/?ref_=adv_li_tt","/title/tt1806913/?ref_=adv_li_tt","/title/tt4134826/?ref_=adv_li_tt","/title/tt5680206/?ref_=adv_li_tt","/title/tt0095863/?ref_=adv_li_tt","/title/tt0082497/?ref_=adv_li_tt","/title/tt0414777/?ref_=adv_li_tt","/title/tt1880419/?ref_=adv_li_tt","/title/tt1352369/?ref_=adv_li_tt","/title/tt0069005/?ref_=adv_li_tt","/title/tt0086036/?ref_=adv_li_tt","/title/tt0404364/?ref_=adv_li_tt","/title/tt0099401/?ref_=adv_li_tt","/title/tt0069341/?ref_=adv_li_tt","/title/tt0023293/?ref_=adv_li_tt","/title/tt3772796/?ref_=adv_li_tt","/title/tt5996672/?ref_=adv_li_tt","/title/tt0024188/?ref_=adv_li_tt","/title/tt7281172/?ref_=adv_li_tt","/title/tt0119329/?ref_=adv_li_tt","/title/tt2142987/?ref_=adv_li_tt","/title/tt7714520/?ref_=adv_li_tt","/title/tt4058836/?ref_=adv_li_tt","/title/tt2104664/?ref_=adv_li_tt","/title/tt1986953/?ref_=adv_li_tt","/title/tt5994894/?ref_=adv_li_tt","/title/tt1048049/?ref_=adv_li_tt","/title/tt0057693/?ref_=adv_li_tt","/title/tt0122037/?ref_=adv_li_tt","/title/tt0058333/?ref_=adv_li_tt","/title/tt0108556/?ref_=adv_li_tt","/title/tt0850677/?ref_=adv_li_tt","/title/tt0324127/?ref_=adv_li_tt","/title/tt0113762/?ref_=adv_li_tt","/title/tt0393635/?ref_=adv_li_tt","/title/tt0900357/?ref_=adv_li_tt","/title/tt3499358/?ref_=adv_li_tt","/title/tt0166110/?ref_=adv_li_tt","/title/tt2299206/?ref_=adv_li_tt","/title/tt0192731/?ref_=adv_li_tt","/title/tt3367686/?ref_=adv_li_tt","/title/tt1838722/?ref_=adv_li_tt","/title/tt4678184/?ref_=adv_li_tt","/title/tt0058279/?ref_=adv_li_tt","/title/tt0096425/?ref_=adv_li_tt","/title/tt5108516/?ref_=adv_li_tt","/title/tt0119889/?ref_=adv_li_tt","/title/tt5325604/?ref_=adv_li_tt","/title/tt4729560/?ref_=adv_li_tt","/title/tt0068732/?ref_=adv_li_tt","/title/tt4214834/?ref_=adv_li_tt","/title/tt6556576/?ref_=adv_li_tt","/title/tt0106449/?ref_=adv_li_tt","/title/tt0372873/?ref_=adv_li_tt","/title/tt0068284/?ref_=adv_li_tt","/title/tt0018097/?ref_=adv_li_tt","/title/tt0109415/?ref_=adv_li_tt","/title/tt4776944/?ref_=adv_li_tt","/title/tt2513228/?ref_=adv_li_tt","/title/tt5834854/?ref_=adv_li_tt","/title/tt2950330/?ref_=adv_li_tt","/title/tt0050766/?ref_=adv_li_tt","/title/tt0066914/?ref_=adv_li_tt","/title/tt0087472/?ref_=adv_li_tt","/title/tt7392222/?ref_=adv_li_tt","/title/tt7281994/?ref_=adv_li_tt","/title/tt0083178/?ref_=adv_li_tt","/title/tt0073017/?ref_=adv_li_tt","/title/tt2822578/?ref_=adv_li_tt","/title/tt5843670/?ref_=adv_li_tt","/title/tt0065761/?ref_=adv_li_tt","/title/tt0085253/?ref_=adv_li_tt","/title/tt0435937/?ref_=adv_li_tt","/title/tt6246322/?ref_=adv_li_tt","/title/tt0101636/?ref_=adv_li_tt","/title/tt0053925/?ref_=adv_li_tt","/title/tt1268809/?ref_=adv_li_tt","/title/tt0066849/?ref_=adv_li_tt","/title/tt0117002/?ref_=adv_li_tt","/title/tt1174954/?ref_=adv_li_tt","/title/tt1671746/?ref_=adv_li_tt","/title/tt3688406/?ref_=adv_li_tt","/title/tt1707392/?ref_=adv_li_tt","/title/tt0083336/?ref_=adv_li_tt","/title/tt0092632/?ref_=adv_li_tt","/title/tt0067341/?ref_=adv_li_tt","/title/tt6415838/?ref_=adv_li_tt","/title/tt2271565/?ref_=adv_li_tt","/title/tt2207484/?ref_=adv_li_tt","/title/tt0092842/?ref_=adv_li_tt","/title/tt0079450/?ref_=adv_li_tt","/title/tt3684500/?ref_=adv_li_tt","/title/tt2924442/?ref_=adv_li_tt","/title/tt2387408/?ref_=adv_li_tt","/title/tt0096119/?ref_=adv_li_tt","/title/tt1644669/?ref_=adv_li_tt","/title/tt0090248/?ref_=adv_li_tt","/title/tt0099701/?ref_=adv_li_tt","/title/tt1407049/?ref_=adv_li_tt","/title/tt0337636/?ref_=adv_li_tt","/title/tt0090930/?ref_=adv_li_tt","/title/tt0772193/?ref_=adv_li_tt","/title/tt3706490/?ref_=adv_li_tt","/title/tt5340882/?ref_=adv_li_tt","/title/tt0808331/?ref_=adv_li_tt","/title/tt1015474/?ref_=adv_li_tt","/title/tt0093996/?ref_=adv_li_tt","/title/tt0075462/?ref_=adv_li_tt","/title/tt3315380/?ref_=adv_li_tt","/title/tt2034139/?ref_=adv_li_tt","/title/tt1407065/?ref_=adv_li_tt","/title/tt0078350/?ref_=adv_li_tt","/title/tt0069920/?ref_=adv_li_tt","/title/tt4467626/?ref_=adv_li_tt","/title/tt0041094/?ref_=adv_li_tt","/title/tt3266324/?ref_=adv_li_tt","/title/tt1835129/?ref_=adv_li_tt","/title/tt1959438/?ref_=adv_li_tt","/title/tt0050280/?ref_=adv_li_tt","/title/tt0108684/?ref_=adv_li_tt","/title/tt0069019/?ref_=adv_li_tt","/title/tt1100053/?ref_=adv_li_tt","/title/tt0117658/?ref_=adv_li_tt","/title/tt1930294/?ref_=adv_li_tt","/title/tt0083629/?ref_=adv_li_tt","/title/tt1499249/?ref_=adv_li_tt","/title/tt0088100/?ref_=adv_li_tt","/title/tt2378453/?ref_=adv_li_tt","/title/tt0079758/?ref_=adv_li_tt","/title/tt1242618/?ref_=adv_li_tt","/title/tt0084090/?ref_=adv_li_tt","/title/tt7025912/?ref_=adv_li_tt","/title/tt0445054/?ref_=adv_li_tt","/title/tt0075936/?ref_=adv_li_tt","/title/tt0052646/?ref_=adv_li_tt","/title/tt0106557/?ref_=adv_li_tt","/title/tt0063285/?ref_=adv_li_tt","/title/tt2345567/?ref_=adv_li_tt","/title/tt0112643/?ref_=adv_li_tt","/title/tt2238470/?ref_=adv_li_tt","/title/tt0500092/?ref_=adv_li_tt","/title/tt0415160/?ref_=adv_li_tt","/title/tt1176252/?ref_=adv_li_tt","/title/tt0290329/?ref_=adv_li_tt","/title/tt0405977/?ref_=adv_li_tt","/title/tt1874066/?ref_=adv_li_tt","/title/tt1877543/?ref_=adv_li_tt","/title/tt4405860/?ref_=adv_li_tt","/title/tt4966046/?ref_=adv_li_tt","/title/tt0286306/?ref_=adv_li_tt","/title/tt0478988/?ref_=adv_li_tt","/title/tt1624996/?ref_=adv_li_tt","/title/tt5139926/?ref_=adv_li_tt","/title/tt1799527/?ref_=adv_li_tt","/title/tt2714380/?ref_=adv_li_tt","/title/tt4141368/?ref_=adv_li_tt","/title/tt0899128/?ref_=adv_li_tt","/title/tt6318848/?ref_=adv_li_tt","/title/tt0092744/?ref_=adv_li_tt","/title/tt1401143/?ref_=adv_li_tt","/title/tt0095719/?ref_=adv_li_tt","/title/tt0085385/?ref_=adv_li_tt","/title/tt0062168/?ref_=adv_li_tt","/title/tt0095125/?ref_=adv_li_tt","/title/tt3534838/?ref_=adv_li_tt","/title/tt0082813/?ref_=adv_li_tt","/title/tt2325518/?ref_=adv_li_tt","/title/tt3547682/?ref_=adv_li_tt","/title/tt1692504/?ref_=adv_li_tt","/title/tt5886388/?ref_=adv_li_tt","/title/tt3395582/?ref_=adv_li_tt","/title/tt0100107/?ref_=adv_li_tt","/title/tt0104418/?ref_=adv_li_tt","/title/tt1107816/?ref_=adv_li_tt","/title/tt0016847/?ref_=adv_li_tt","/title/tt1988621/?ref_=adv_li_tt","/title/tt0443527/?ref_=adv_li_tt","/title/tt3391132/?ref_=adv_li_tt","/title/tt0070294/?ref_=adv_li_tt","/title/tt3484180/?ref_=adv_li_tt","/title/tt3221544/?ref_=adv_li_tt","/title/tt0057603/?ref_=adv_li_tt","/title/tt0087622/?ref_=adv_li_tt","/title/tt5638500/?ref_=adv_li_tt","/title/tt3132614/?ref_=adv_li_tt","/title/tt0113376/?ref_=adv_li_tt","/title/tt1277936/?ref_=adv_li_tt","/title/tt3743042/?ref_=adv_li_tt","/title/tt1140941/?ref_=adv_li_tt","/title/tt1336006/?ref_=adv_li_tt","/title/tt0073615/?ref_=adv_li_tt","/title/tt4847454/?ref_=adv_li_tt","/title/tt0215135/?ref_=adv_li_tt","/title/tt0081237/?ref_=adv_li_tt","/title/tt0097527/?ref_=adv_li_tt","/title/tt1401113/?ref_=adv_li_tt","/title/tt6719464/?ref_=adv_li_tt","/title/tt0090327/?ref_=adv_li_tt","/title/tt0930083/?ref_=adv_li_tt","/title/tt4828330/?ref_=adv_li_tt","/title/tt0389328/?ref_=adv_li_tt","/title/tt0069427/?ref_=adv_li_tt","/title/tt0099180/?ref_=adv_li_tt","/title/tt5979690/?ref_=adv_li_tt","/title/tt0449629/?ref_=adv_li_tt","/title/tt1334722/?ref_=adv_li_tt","/title/tt1075113/?ref_=adv_li_tt","/title/tt0819755/?ref_=adv_li_tt","/title/tt0057449/?ref_=adv_li_tt","/title/tt1331307/?ref_=adv_li_tt","/title/tt0105242/?ref_=adv_li_tt","/title/tt0112625/?ref_=adv_li_tt","/title/tt2872488/?ref_=adv_li_tt","/title/tt3787068/?ref_=adv_li_tt","/title/tt0092147/?ref_=adv_li_tt","/title/tt1756799/?ref_=adv_li_tt","/title/tt0098090/?ref_=adv_li_tt","/title/tt0103002/?ref_=adv_li_tt","/title/tt0106521/?ref_=adv_li_tt","/title/tt0115232/?ref_=adv_li_tt","/title/tt0371739/?ref_=adv_li_tt","/title/tt5829168/?ref_=adv_li_tt","/title/tt0119784/?ref_=adv_li_tt","/title/tt0082352/?ref_=adv_li_tt","/title/tt5471574/?ref_=adv_li_tt","/title/tt1813609/?ref_=adv_li_tt","/title/tt6110648/?ref_=adv_li_tt","/title/tt4685096/?ref_=adv_li_tt","/title/tt1718915/?ref_=adv_li_tt","/title/tt0078398/?ref_=adv_li_tt","/title/tt0044925/?ref_=adv_li_tt","/title/tt2900624/?ref_=adv_li_tt","/title/tt0086050/?ref_=adv_li_tt","/title/tt5600406/?ref_=adv_li_tt","/title/tt2769184/?ref_=adv_li_tt","/title/tt0068230/?ref_=adv_li_tt","/title/tt4516352/?ref_=adv_li_tt","/title/tt3541080/?ref_=adv_li_tt","/title/tt2971572/?ref_=adv_li_tt","/title/tt4935158/?ref_=adv_li_tt","/title/tt0094597/?ref_=adv_li_tt","/title/tt0045920/?ref_=adv_li_tt","/title/tt0095989/?ref_=adv_li_tt","/title/tt0353489/?ref_=adv_li_tt","/title/tt2081194/?ref_=adv_li_tt","/title/tt0099188/?ref_=adv_li_tt","/title/tt0230169/?ref_=adv_li_tt","/title/tt1558128/?ref_=adv_li_tt","/title/tt0108339/?ref_=adv_li_tt","/title/tt0077788/?ref_=adv_li_tt","/title/tt2602338/?ref_=adv_li_tt","/title/tt0097911/?ref_=adv_li_tt","/title/tt6803212/?ref_=adv_li_tt","/title/tt2862166/?ref_=adv_li_tt","/title/tt3620762/?ref_=adv_li_tt","/title/tt0071408/?ref_=adv_li_tt","/title/tt2125685/?ref_=adv_li_tt","/title/tt0092809/?ref_=adv_li_tt","/title/tt0084395/?ref_=adv_li_tt","/title/tt0081617/?ref_=adv_li_tt","/title/tt3609458/?ref_=adv_li_tt","/title/tt0800367/?ref_=adv_li_tt","/title/tt0081186/?ref_=adv_li_tt","/title/tt0093628/?ref_=adv_li_tt","/title/tt0373786/?ref_=adv_li_tt","/title/tt0102860/?ref_=adv_li_tt","/title/tt0107664/?ref_=adv_li_tt","/title/tt0397042/?ref_=adv_li_tt","/title/tt4247682/?ref_=adv_li_tt","/title/tt2022190/?ref_=adv_li_tt","/title/tt0068615/?ref_=adv_li_tt","/title/tt0023649/?ref_=adv_li_tt","/title/tt3727824/?ref_=adv_li_tt","/title/tt0056875/?ref_=adv_li_tt","/title/tt0072869/?ref_=adv_li_tt","/title/tt0080100/?ref_=adv_li_tt","/title/tt0425196/?ref_=adv_li_tt","/title/tt1790869/?ref_=adv_li_tt","/title/tt0072067/?ref_=adv_li_tt","/title/tt0076704/?ref_=adv_li_tt","/title/tt0094961/?ref_=adv_li_tt","/title/tt6536904/?ref_=adv_li_tt","/title/tt0460898/?ref_=adv_li_tt","/title/tt3152592/?ref_=adv_li_tt","/title/tt0101628/?ref_=adv_li_tt","/title/tt4823992/?ref_=adv_li_tt","/title/tt0295254/?ref_=adv_li_tt","/title/tt5170778/?ref_=adv_li_tt","/title/tt1291122/?ref_=adv_li_tt","/title/tt2752758/?ref_=adv_li_tt","/title/tt0037635/?ref_=adv_li_tt","/title/tt1220213/?ref_=adv_li_tt","/title/tt1743724/?ref_=adv_li_tt","/title/tt0112288/?ref_=adv_li_tt","/title/tt0312843/?ref_=adv_li_tt","/title/tt3305176/?ref_=adv_li_tt","/title/tt1199550/?ref_=adv_li_tt","/title/tt0072750/?ref_=adv_li_tt","/title/tt4696502/?ref_=adv_li_tt","/title/tt0070791/?ref_=adv_li_tt","/title/tt1312217/?ref_=adv_li_tt","/title/tt4167720/?ref_=adv_li_tt","/title/tt1396219/?ref_=adv_li_tt","/title/tt1341710/?ref_=adv_li_tt","/title/tt7464188/?ref_=adv_li_tt","/title/tt3551400/?ref_=adv_li_tt","/title/tt2093944/?ref_=adv_li_tt","/title/tt1822448/?ref_=adv_li_tt","/title/tt1935914/?ref_=adv_li_tt","/title/tt1987028/?ref_=adv_li_tt","/title/tt0087344/?ref_=adv_li_tt","/title/tt0068505/?ref_=adv_li_tt","/title/tt0129871/?ref_=adv_li_tt","/title/tt6203010/?ref_=adv_li_tt","/title/tt5667696/?ref_=adv_li_tt","/title/tt1844770/?ref_=adv_li_tt","/title/tt0453383/?ref_=adv_li_tt","/title/tt1992236/?ref_=adv_li_tt","/title/tt5606742/?ref_=adv_li_tt","/title/tt1770672/?ref_=adv_li_tt","/title/tt0055304/?ref_=adv_li_tt","/title/tt0463392/?ref_=adv_li_tt","/title/tt0084854/?ref_=adv_li_tt","/title/tt1433562/?ref_=adv_li_tt","/title/tt2293750/?ref_=adv_li_tt","/title/tt0094578/?ref_=adv_li_tt","/title/tt1345772/?ref_=adv_li_tt","/title/tt0077247/?ref_=adv_li_tt","/title/tt1945044/?ref_=adv_li_tt","/title/tt0335121/?ref_=adv_li_tt","/title/tt3138376/?ref_=adv_li_tt","/title/tt1196027/?ref_=adv_li_tt","/title/tt0083542/?ref_=adv_li_tt","/title/tt2737926/?ref_=adv_li_tt","/title/tt5183500/?ref_=adv_li_tt","/title/tt0080231/?ref_=adv_li_tt","/title/tt5040012/?ref_=adv_li_tt","/title/tt7068818/?ref_=adv_li_tt","/title/tt0498348/?ref_=adv_li_tt","/title/tt0218619/?ref_=adv_li_tt","/title/tt0435665/?ref_=adv_li_tt","/title/tt0067490/?ref_=adv_li_tt","/title/tt0070074/?ref_=adv_li_tt","/title/tt3096858/?ref_=adv_li_tt","/title/tt0076191/?ref_=adv_li_tt","/title/tt0433722/?ref_=adv_li_tt","/title/tt0206226/?ref_=adv_li_tt","/title/tt0082527/?ref_=adv_li_tt","/title/tt0069050/?ref_=adv_li_tt","/title/tt0274546/?ref_=adv_li_tt","/title/tt0189071/?ref_=adv_li_tt","/title/tt3924782/?ref_=adv_li_tt","/title/tt0093170/?ref_=adv_li_tt","/title/tt2186735/?ref_=adv_li_tt","/title/tt1541718/?ref_=adv_li_tt","/title/tt4255110/?ref_=adv_li_tt","/title/tt0089274/?ref_=adv_li_tt","/title/tt0081248/?ref_=adv_li_tt","/title/tt0050894/?ref_=adv_li_tt","/title/tt0077834/?ref_=adv_li_tt","/title/tt2072933/?ref_=adv_li_tt","/title/tt5120400/?ref_=adv_li_tt","/title/tt0099578/?ref_=adv_li_tt","/title/tt4913966/?ref_=adv_li_tt","/title/tt4404474/?ref_=adv_li_tt","/title/tt0806027/?ref_=adv_li_tt","/title/tt0892899/?ref_=adv_li_tt","/title/tt0126004/?ref_=adv_li_tt","/title/tt6989180/?ref_=adv_li_tt","/title/tt2622826/?ref_=adv_li_tt","/title/tt1727252/?ref_=adv_li_tt","/title/tt0845738/?ref_=adv_li_tt","/title/tt0339840/?ref_=adv_li_tt","/title/tt0347585/?ref_=adv_li_tt","/title/tt4291700/?ref_=adv_li_tt","/title/tt3213512/?ref_=adv_li_tt","/title/tt2788550/?ref_=adv_li_tt","/title/tt4285960/?ref_=adv_li_tt","/title/tt1470171/?ref_=adv_li_tt","/title/tt0469916/?ref_=adv_li_tt","/title/tt0090750/?ref_=adv_li_tt","/title/tt0033553/?ref_=adv_li_tt","/title/tt0059792/?ref_=adv_li_tt","/title/tt0156205/?ref_=adv_li_tt","/title/tt7124092/?ref_=adv_li_tt","/title/tt2273648/?ref_=adv_li_tt","/title/tt0069464/?ref_=adv_li_tt","/title/tt1311082/?ref_=adv_li_tt","/title/tt0472219/?ref_=adv_li_tt","/title/tt1619880/?ref_=adv_li_tt","/title/tt0496634/?ref_=adv_li_tt","/title/tt5240258/?ref_=adv_li_tt","/title/tt5742568/?ref_=adv_li_tt","/title/tt2994948/?ref_=adv_li_tt","/title/tt4633662/?ref_=adv_li_tt","/title/tt3292726/?ref_=adv_li_tt","/title/tt4938374/?ref_=adv_li_tt","/title/tt0093468/?ref_=adv_li_tt","/title/tt0470000/?ref_=adv_li_tt","/title/tt0095684/?ref_=adv_li_tt","/title/tt3350890/?ref_=adv_li_tt","/title/tt1733732/?ref_=adv_li_tt","/title/tt6885804/?ref_=adv_li_tt","/title/tt3845670/?ref_=adv_li_tt","/title/tt0054443/?ref_=adv_li_tt","/title/tt5031108/?ref_=adv_li_tt","/title/tt3317874/?ref_=adv_li_tt","/title/tt0092297/?ref_=adv_li_tt","/title/tt0058430/?ref_=adv_li_tt","/title/tt0067419/?ref_=adv_li_tt","/title/tt1204979/?ref_=adv_li_tt","/title/tt4933238/?ref_=adv_li_tt","/title/tt0051380/?ref_=adv_li_tt","/title/tt2040578/?ref_=adv_li_tt","/title/tt2935320/?ref_=adv_li_tt","/title/tt3604156/?ref_=adv_li_tt","/title/tt0037415/?ref_=adv_li_tt","/title/tt0031448/?ref_=adv_li_tt","/title/tt0091647/?ref_=adv_li_tt","/title/tt0064494/?ref_=adv_li_tt","/title/tt8103070/?ref_=adv_li_tt","/title/tt0108517/?ref_=adv_li_tt","/title/tt3071192/?ref_=adv_li_tt","/title/tt0110823/?ref_=adv_li_tt","/title/tt0382943/?ref_=adv_li_tt","/title/tt0099612/?ref_=adv_li_tt","/title/tt0109575/?ref_=adv_li_tt","/title/tt0087998/?ref_=adv_li_tt","/title/tt1727261/?ref_=adv_li_tt","/title/tt0330181/?ref_=adv_li_tt","/title/tt7747832/?ref_=adv_li_tt","/title/tt0053085/?ref_=adv_li_tt","/title/tt5861630/?ref_=adv_li_tt","/title/tt5606664/?ref_=adv_li_tt","/title/tt1705773/?ref_=adv_li_tt","/title/tt0080503/?ref_=adv_li_tt","/title/tt4865022/?ref_=adv_li_tt","/title/tt5114154/?ref_=adv_li_tt","/title/tt0148615/?ref_=adv_li_tt","/title/tt0201844/?ref_=adv_li_tt","/title/tt0092480/?ref_=adv_li_tt","/title/tt0088967/?ref_=adv_li_tt","/title/tt0058606/?ref_=adv_li_tt","/title/tt0051064/?ref_=adv_li_tt","/title/tt0485857/?ref_=adv_li_tt","/title/tt3904278/?ref_=adv_li_tt","/title/tt0962711/?ref_=adv_li_tt","/title/tt0411267/?ref_=adv_li_tt","/title/tt2204379/?ref_=adv_li_tt","/title/tt2401199/?ref_=adv_li_tt","/title/tt0024894/?ref_=adv_li_tt","/title/tt5987042/?ref_=adv_li_tt","/title/tt5312612/?ref_=adv_li_tt","/title/tt0115317/?ref_=adv_li_tt","/title/tt5274150/?ref_=adv_li_tt","/title/tt1104006/?ref_=adv_li_tt","/title/tt3328442/?ref_=adv_li_tt","/title/tt7949196/?ref_=adv_li_tt","/title/tt3499458/?ref_=adv_li_tt","/title/tt2149360/?ref_=adv_li_tt","/title/tt0080646/?ref_=adv_li_tt","/title/tt5736592/?ref_=adv_li_tt","/title/tt2942522/?ref_=adv_li_tt","/title/tt0367677/?ref_=adv_li_tt","/title/tt0052969/?ref_=adv_li_tt","/title/tt1137996/?ref_=adv_li_tt","/title/tt0078916/?ref_=adv_li_tt","/title/tt0265752/?ref_=adv_li_tt","/title/tt7453418/?ref_=adv_li_tt","/title/tt5646314/?ref_=adv_li_tt","/title/tt0104808/?ref_=adv_li_tt","/title/tt0102522/?ref_=adv_li_tt","/title/tt6574700/?ref_=adv_li_tt","/title/tt0062885/?ref_=adv_li_tt","/title/tt0067454/?ref_=adv_li_tt","/title/tt0100827/?ref_=adv_li_tt","/title/tt2837336/?ref_=adv_li_tt","/title/tt0069007/?ref_=adv_li_tt","/title/tt0239641/?ref_=adv_li_tt","/title/tt1267379/?ref_=adv_li_tt","/title/tt1521787/?ref_=adv_li_tt","/title/tt1228933/?ref_=adv_li_tt","/title/tt1691424/?ref_=adv_li_tt","/title/tt6166250/?ref_=adv_li_tt","/title/tt1244658/?ref_=adv_li_tt","/title/tt0068837/?ref_=adv_li_tt","/title/tt3487994/?ref_=adv_li_tt","/title/tt0067630/?ref_=adv_li_tt","/title/tt0188527/?ref_=adv_li_tt","/title/tt0096152/?ref_=adv_li_tt","/title/tt5068650/?ref_=adv_li_tt","/title/tt2014681/?ref_=adv_li_tt","/title/tt0104083/?ref_=adv_li_tt","/title/tt0377749/?ref_=adv_li_tt","/title/tt0075334/?ref_=adv_li_tt","/title/tt0095871/?ref_=adv_li_tt","/title/tt0086113/?ref_=adv_li_tt","/title/tt2781832/?ref_=adv_li_tt","/title/tt0466766/?ref_=adv_li_tt","/title/tt1876547/?ref_=adv_li_tt","/title/tt5854198/?ref_=adv_li_tt","/title/tt0092669/?ref_=adv_li_tt","/title/tt4847546/?ref_=adv_li_tt","/title/tt1727358/?ref_=adv_li_tt","/title/tt3724898/?ref_=adv_li_tt","/title/tt1013860/?ref_=adv_li_tt","/title/tt0074611/?ref_=adv_li_tt","/title/tt1241330/?ref_=adv_li_tt","/title/tt0068458/?ref_=adv_li_tt","/title/tt1323605/?ref_=adv_li_tt","/title/tt0058403/?ref_=adv_li_tt","/title/tt3417756/?ref_=adv_li_tt","/title/tt0058620/?ref_=adv_li_tt","/title/tt4472596/?ref_=adv_li_tt","/title/tt0054777/?ref_=adv_li_tt","/title/tt1564368/?ref_=adv_li_tt","/title/tt0080464/?ref_=adv_li_tt","/title/tt0203425/?ref_=adv_li_tt","/title/tt0893532/?ref_=adv_li_tt","/title/tt1925435/?ref_=adv_li_tt","/title/tt1642252/?ref_=adv_li_tt","/title/tt0336325/?ref_=adv_li_tt","/title/tt1244093/?ref_=adv_li_tt","/title/tt4677348/?ref_=adv_li_tt","/title/tt5290620/?ref_=adv_li_tt","/title/tt0090881/?ref_=adv_li_tt","/title/tt5122092/?ref_=adv_li_tt","/title/tt0093800/?ref_=adv_li_tt","/title/tt0822858/?ref_=adv_li_tt","/title/tt1727516/?ref_=adv_li_tt","/title/tt0123948/?ref_=adv_li_tt","/title/tt0462482/?ref_=adv_li_tt","/title/tt5651458/?ref_=adv_li_tt","/title/tt3602128/?ref_=adv_li_tt","/title/tt0093855/?ref_=adv_li_tt","/title/tt0069390/?ref_=adv_li_tt","/title/tt0053677/?ref_=adv_li_tt","/title/tt0071508/?ref_=adv_li_tt","/title/tt3727982/?ref_=adv_li_tt","/title/tt4228990/?ref_=adv_li_tt","/title/tt0325655/?ref_=adv_li_tt","/title/tt0084028/?ref_=adv_li_tt","/title/tt0829424/?ref_=adv_li_tt","/title/tt0142804/?ref_=adv_li_tt","/title/tt5780592/?ref_=adv_li_tt","/title/tt6342062/?ref_=adv_li_tt","/title/tt0433442/?ref_=adv_li_tt","/title/tt2272350/?ref_=adv_li_tt","/title/tt1525836/?ref_=adv_li_tt","/title/tt6080240/?ref_=adv_li_tt","/title/tt2282016/?ref_=adv_li_tt","/title/tt3201722/?ref_=adv_li_tt","/title/tt5687424/?ref_=adv_li_tt","/title/tt1380151/?ref_=adv_li_tt","/title/tt0068457/?ref_=adv_li_tt","/title/tt3952108/?ref_=adv_li_tt","/title/tt2600742/?ref_=adv_li_tt","/title/tt0064473/?ref_=adv_li_tt","/title/tt0115885/?ref_=adv_li_tt","/title/tt0094651/?ref_=adv_li_tt","/title/tt0364376/?ref_=adv_li_tt","/title/tt0974583/?ref_=adv_li_tt","/title/tt0104053/?ref_=adv_li_tt","/title/tt1222663/?ref_=adv_li_tt","/title/tt4733294/?ref_=adv_li_tt","/title/tt1728975/?ref_=adv_li_tt","/title/tt3605002/?ref_=adv_li_tt","/title/tt4578598/?ref_=adv_li_tt","/title/tt1702009/?ref_=adv_li_tt","/title/tt1230213/?ref_=adv_li_tt","/title/tt1659216/?ref_=adv_li_tt","/title/tt3280916/?ref_=adv_li_tt","/title/tt0103773/?ref_=adv_li_tt","/title/tt3343136/?ref_=adv_li_tt","/title/tt0012364/?ref_=adv_li_tt","/title/tt0108461/?ref_=adv_li_tt","/title/tt0057226/?ref_=adv_li_tt","/title/tt1821701/?ref_=adv_li_tt","/title/tt3141498/?ref_=adv_li_tt","/title/tt0045546/?ref_=adv_li_tt","/title/tt0080711/?ref_=adv_li_tt","/title/tt4497416/?ref_=adv_li_tt","/title/tt0847161/?ref_=adv_li_tt","/title/tt1831804/?ref_=adv_li_tt","/title/tt2948078/?ref_=adv_li_tt","/title/tt0220827/?ref_=adv_li_tt","/title/tt0449092/?ref_=adv_li_tt","/title/tt3611002/?ref_=adv_li_tt","/title/tt1711366/?ref_=adv_li_tt","/title/tt0079082/?ref_=adv_li_tt","/title/tt0329374/?ref_=adv_li_tt","/title/tt1773753/?ref_=adv_li_tt","/title/tt0111244/?ref_=adv_li_tt","/title/tt1533084/?ref_=adv_li_tt","/title/tt6982720/?ref_=adv_li_tt","/title/tt6464678/?ref_=adv_li_tt","/title/tt3635788/?ref_=adv_li_tt","/title/tt1468703/?ref_=adv_li_tt","/title/tt0407621/?ref_=adv_li_tt","/title/tt0150111/?ref_=adv_li_tt","/title/tt0465670/?ref_=adv_li_tt","/title/tt2378191/?ref_=adv_li_tt","/title/tt0357585/?ref_=adv_li_tt","/title/tt0102687/?ref_=adv_li_tt","/title/tt0077921/?ref_=adv_li_tt","/title/tt2364774/?ref_=adv_li_tt","/title/tt0115109/?ref_=adv_li_tt","/title/tt3454574/?ref_=adv_li_tt","/title/tt0169299/?ref_=adv_li_tt","/title/tt0089503/?ref_=adv_li_tt","/title/tt0100156/?ref_=adv_li_tt","/title/tt0076271/?ref_=adv_li_tt","/title/tt0090197/?ref_=adv_li_tt","/title/tt0094642/?ref_=adv_li_tt","/title/tt3238502/?ref_=adv_li_tt","/title/tt0099636/?ref_=adv_li_tt","/title/tt2018069/?ref_=adv_li_tt","/title/tt6795336/?ref_=adv_li_tt","/title/tt0099108/?ref_=adv_li_tt","/title/tt0100581/?ref_=adv_li_tt","/title/tt0062909/?ref_=adv_li_tt","/title/tt0118824/?ref_=adv_li_tt","/title/tt0100469/?ref_=adv_li_tt","/title/tt0088851/?ref_=adv_li_tt","/title/tt1426352/?ref_=adv_li_tt","/title/tt0053546/?ref_=adv_li_tt","/title/tt0073043/?ref_=adv_li_tt","/title/tt2294473/?ref_=adv_li_tt","/title/tt2036376/?ref_=adv_li_tt","/title/tt1398428/?ref_=adv_li_tt","/title/tt0071396/?ref_=adv_li_tt","/title/tt1087853/?ref_=adv_li_tt","/title/tt0084694/?ref_=adv_li_tt","/title/tt3745906/?ref_=adv_li_tt","/title/tt0085692/?ref_=adv_li_tt","/title/tt3564860/?ref_=adv_li_tt","/title/tt2624866/?ref_=adv_li_tt","/title/tt5078886/?ref_=adv_li_tt","/title/tt5095238/?ref_=adv_li_tt","/title/tt2881698/?ref_=adv_li_tt","/title/tt0100369/?ref_=adv_li_tt","/title/tt7392060/?ref_=adv_li_tt","/title/tt6433880/?ref_=adv_li_tt","/title/tt0995863/?ref_=adv_li_tt","/title/tt3384350/?ref_=adv_li_tt","/title/tt0082812/?ref_=adv_li_tt","/title/tt1974393/?ref_=adv_li_tt","/title/tt0061634/?ref_=adv_li_tt","/title/tt1986202/?ref_=adv_li_tt","/title/tt1027820/?ref_=adv_li_tt","/title/tt5032026/?ref_=adv_li_tt","/title/tt1183276/?ref_=adv_li_tt","/title/tt2309320/?ref_=adv_li_tt","/title/tt2741564/?ref_=adv_li_tt","/title/tt0100031/?ref_=adv_li_tt","/title/tt1486670/?ref_=adv_li_tt","/title/tt7078926/?ref_=adv_li_tt","/title/tt0111003/?ref_=adv_li_tt","/title/tt0143213/?ref_=adv_li_tt","/title/tt5457454/?ref_=adv_li_tt","/title/tt0051786/?ref_=adv_li_tt","/title/tt0443435/?ref_=adv_li_tt","/title/tt0047898/?ref_=adv_li_tt","/title/tt0082083/?ref_=adv_li_tt","/title/tt1104835/?ref_=adv_li_tt","/title/tt3983902/?ref_=adv_li_tt","/title/tt3569970/?ref_=adv_li_tt","/title/tt0104449/?ref_=adv_li_tt","/title/tt1927093/?ref_=adv_li_tt","/title/tt0058155/?ref_=adv_li_tt","/title/tt0100139/?ref_=adv_li_tt","/title/tt3977848/?ref_=adv_li_tt","/title/tt5131906/?ref_=adv_li_tt","/title/tt0054116/?ref_=adv_li_tt","/title/tt4375268/?ref_=adv_li_tt","/title/tt2124034/?ref_=adv_li_tt","/title/tt0070634/?ref_=adv_li_tt","/title/tt0067716/?ref_=adv_li_tt","/title/tt0374419/?ref_=adv_li_tt","/title/tt1737794/?ref_=adv_li_tt","/title/tt0366292/?ref_=adv_li_tt","/title/tt2130271/?ref_=adv_li_tt","/title/tt1890375/?ref_=adv_li_tt","/title/tt1745672/?ref_=adv_li_tt","/title/tt0827782/?ref_=adv_li_tt","/title/tt0380066/?ref_=adv_li_tt","/title/tt2187444/?ref_=adv_li_tt","/title/tt1772373/?ref_=adv_li_tt","/title/tt0052905/?ref_=adv_li_tt","/title/tt1991031/?ref_=adv_li_tt","/title/tt7521846/?ref_=adv_li_tt","/title/tt0104523/?ref_=adv_li_tt","/title/tt0095904/?ref_=adv_li_tt","/title/tt0109552/?ref_=adv_li_tt","/title/tt4814980/?ref_=adv_li_tt","/title/tt1296077/?ref_=adv_li_tt","/title/tt6914772/?ref_=adv_li_tt","/title/tt0923600/?ref_=adv_li_tt","/title/tt0497298/?ref_=adv_li_tt","/title/tt0076164/?ref_=adv_li_tt","/title/tt1623780/?ref_=adv_li_tt","/title/tt3885690/?ref_=adv_li_tt","/title/tt0054462/?ref_=adv_li_tt","/title/tt0082094/?ref_=adv_li_tt","/title/tt0099637/?ref_=adv_li_tt","/title/tt1654842/?ref_=adv_li_tt","/title/tt0112065/?ref_=adv_li_tt","/title/tt2771800/?ref_=adv_li_tt","/title/tt0014142/?ref_=adv_li_tt","/title/tt0385639/?ref_=adv_li_tt","/title/tt0161492/?ref_=adv_li_tt","/title/tt0094701/?ref_=adv_li_tt","/title/tt0085125/?ref_=adv_li_tt","/title/tt3556410/?ref_=adv_li_tt","/title/tt7500618/?ref_=adv_li_tt","/title/tt4424722/?ref_=adv_li_tt","/title/tt0067229/?ref_=adv_li_tt","/title/tt0199389/?ref_=adv_li_tt","/title/tt0156182/?ref_=adv_li_tt","/title/tt1891923/?ref_=adv_li_tt","/title/tt0475417/?ref_=adv_li_tt","/title/tt2308822/?ref_=adv_li_tt","/title/tt2256811/?ref_=adv_li_tt","/title/tt0281524/?ref_=adv_li_tt","/title/tt2117905/?ref_=adv_li_tt","/title/tt2551396/?ref_=adv_li_tt","/title/tt0330634/?ref_=adv_li_tt","/title/tt3300572/?ref_=adv_li_tt","/title/tt3354222/?ref_=adv_li_tt","/title/tt2165765/?ref_=adv_li_tt","/title/tt6578228/?ref_=adv_li_tt","/title/tt0074540/?ref_=adv_li_tt","/title/tt0065569/?ref_=adv_li_tt","/title/tt0780583/?ref_=adv_li_tt","/title/tt2347497/?ref_=adv_li_tt","/title/tt0380687/?ref_=adv_li_tt","/title/tt3278988/?ref_=adv_li_tt","/title/tt3619102/?ref_=adv_li_tt","/title/tt0075433/?ref_=adv_li_tt","/title/tt0076112/?ref_=adv_li_tt","/title/tt0093995/?ref_=adv_li_tt","/title/tt0085693/?ref_=adv_li_tt","/title/tt0131543/?ref_=adv_li_tt","/title/tt3894404/?ref_=adv_li_tt","/title/tt3748918/?ref_=adv_li_tt","/title/tt6993240/?ref_=adv_li_tt","/title/tt0065491/?ref_=adv_li_tt","/title/tt0073836/?ref_=adv_li_tt","/title/tt1169809/?ref_=adv_li_tt","/title/tt1109583/?ref_=adv_li_tt","/title/tt6812278/?ref_=adv_li_tt","/title/tt4172498/?ref_=adv_li_tt","/title/tt0412798/?ref_=adv_li_tt","/title/tt3421124/?ref_=adv_li_tt","/title/tt0099173/?ref_=adv_li_tt","/title/tt2769828/?ref_=adv_li_tt","/title/tt3654794/?ref_=adv_li_tt","/title/tt4881430/?ref_=adv_li_tt","/title/tt0091415/?ref_=adv_li_tt","/title/tt0095312/?ref_=adv_li_tt","/title/tt0110667/?ref_=adv_li_tt","/title/tt0097136/?ref_=adv_li_tt","/title/tt5176648/?ref_=adv_li_tt","/title/tt3608654/?ref_=adv_li_tt","/title/tt5868924/?ref_=adv_li_tt","/title/tt6322902/?ref_=adv_li_tt","/title/tt5916742/?ref_=adv_li_tt","/title/tt7375304/?ref_=adv_li_tt","/title/tt1386925/?ref_=adv_li_tt","/title/tt0407236/?ref_=adv_li_tt","/title/tt3194388/?ref_=adv_li_tt","/title/tt7323600/?ref_=adv_li_tt","/title/tt0436374/?ref_=adv_li_tt","/title/tt0079788/?ref_=adv_li_tt","/title/tt0138703/?ref_=adv_li_tt","/title/tt3503068/?ref_=adv_li_tt","/title/tt0457275/?ref_=adv_li_tt","/title/tt0094794/?ref_=adv_li_tt","/title/tt3780208/?ref_=adv_li_tt","/title/tt6359592/?ref_=adv_li_tt","/title/tt0160484/?ref_=adv_li_tt","/title/tt0406706/?ref_=adv_li_tt","/title/tt6723494/?ref_=adv_li_tt","/title/tt1540767/?ref_=adv_li_tt","/title/tt2441174/?ref_=adv_li_tt","/title/tt0060440/?ref_=adv_li_tt","/title/tt0049103/?ref_=adv_li_tt","/title/tt0095756/?ref_=adv_li_tt","/title/tt0058694/?ref_=adv_li_tt","/title/tt0093043/?ref_=adv_li_tt","/title/tt1087474/?ref_=adv_li_tt","/title/tt0089280/?ref_=adv_li_tt","/title/tt3403194/?ref_=adv_li_tt","/title/tt0100475/?ref_=adv_li_tt","/title/tt0283027/?ref_=adv_li_tt","/title/tt1986994/?ref_=adv_li_tt","/title/tt0065073/?ref_=adv_li_tt","/title/tt0097429/?ref_=adv_li_tt","/title/tt6496236/?ref_=adv_li_tt","/title/tt5924114/?ref_=adv_li_tt","/title/tt0093091/?ref_=adv_li_tt","/title/tt7464054/?ref_=adv_li_tt","/title/tt3397556/?ref_=adv_li_tt","/title/tt6010518/?ref_=adv_li_tt","/title/tt1705125/?ref_=adv_li_tt","/title/tt0071717/?ref_=adv_li_tt","/title/tt4927574/?ref_=adv_li_tt","/title/tt4932244/?ref_=adv_li_tt","/title/tt0275067/?ref_=adv_li_tt","/title/tt0082559/?ref_=adv_li_tt","/title/tt3563892/?ref_=adv_li_tt","/title/tt4580550/?ref_=adv_li_tt","/title/tt6197494/?ref_=adv_li_tt","/title/tt0098503/?ref_=adv_li_tt","/title/tt0122136/?ref_=adv_li_tt","/title/tt5586362/?ref_=adv_li_tt","/title/tt2122313/?ref_=adv_li_tt","/title/tt6874406/?ref_=adv_li_tt","/title/tt3723790/?ref_=adv_li_tt","/title/tt1686018/?ref_=adv_li_tt","/title/tt3139756/?ref_=adv_li_tt","/title/tt0035899/?ref_=adv_li_tt","/title/tt0031951/?ref_=adv_li_tt","/title/tt1135500/?ref_=adv_li_tt","/title/tt0098375/?ref_=adv_li_tt","/title/tt0407521/?ref_=adv_li_tt","/title/tt5546270/?ref_=adv_li_tt","/title/tt0089269/?ref_=adv_li_tt","/title/tt0985025/?ref_=adv_li_tt","/title/tt0096142/?ref_=adv_li_tt","/title/tt0454864/?ref_=adv_li_tt","/title/tt0083133/?ref_=adv_li_tt","/title/tt0077524/?ref_=adv_li_tt","/title/tt3557406/?ref_=adv_li_tt","/title/tt0110913/?ref_=adv_li_tt","/title/tt0093090/?ref_=adv_li_tt","/title/tt0083033/?ref_=adv_li_tt","/title/tt0082378/?ref_=adv_li_tt","/title/tt5001436/?ref_=adv_li_tt","/title/tt5788812/?ref_=adv_li_tt","/title/tt0101550/?ref_=adv_li_tt","/title/tt2713642/?ref_=adv_li_tt","/title/tt0091343/?ref_=adv_li_tt","/title/tt5195832/?ref_=adv_li_tt","/title/tt0161635/?ref_=adv_li_tt","/title/tt5257554/?ref_=adv_li_tt","/title/tt0059297/?ref_=adv_li_tt","/title/tt3734354/?ref_=adv_li_tt","/title/tt2488666/?ref_=adv_li_tt","/title/tt5176266/?ref_=adv_li_tt","/title/tt2384747/?ref_=adv_li_tt","/title/tt2089578/?ref_=adv_li_tt","/title/tt0367153/?ref_=adv_li_tt","/title/tt0070633/?ref_=adv_li_tt","/title/tt0433963/?ref_=adv_li_tt","/title/tt1647865/?ref_=adv_li_tt","/title/tt0071233/?ref_=adv_li_tt","/title/tt1989485/?ref_=adv_li_tt","/title/tt0445939/?ref_=adv_li_tt","/title/tt0330500/?ref_=adv_li_tt","/title/tt1614456/?ref_=adv_li_tt","/title/tt0072354/?ref_=adv_li_tt","/title/tt4170586/?ref_=adv_li_tt","/title/tt2578608/?ref_=adv_li_tt","/title/tt2910508/?ref_=adv_li_tt","/title/tt0091339/?ref_=adv_li_tt","/title/tt1129441/?ref_=adv_li_tt","/title/tt7526316/?ref_=adv_li_tt","/title/tt0086014/?ref_=adv_li_tt","/title/tt0090057/?ref_=adv_li_tt","/title/tt0355954/?ref_=adv_li_tt","/title/tt1220706/?ref_=adv_li_tt","/title/tt0190703/?ref_=adv_li_tt","/title/tt6118340/?ref_=adv_li_tt","/title/tt1646959/?ref_=adv_li_tt","/title/tt2486724/?ref_=adv_li_tt","/title/tt0059125/?ref_=adv_li_tt","/title/tt4801456/?ref_=adv_li_tt","/title/tt0076214/?ref_=adv_li_tt","/title/tt0445965/?ref_=adv_li_tt","/title/tt0250593/?ref_=adv_li_tt","/title/tt0048215/?ref_=adv_li_tt","/title/tt2960790/?ref_=adv_li_tt","/title/tt5325492/?ref_=adv_li_tt","/title/tt0075666/?ref_=adv_li_tt","/title/tt0141897/?ref_=adv_li_tt","/title/tt3844962/?ref_=adv_li_tt","/title/tt0268094/?ref_=adv_li_tt","/title/tt1504403/?ref_=adv_li_tt","/title/tt2469200/?ref_=adv_li_tt","/title/tt0023249/?ref_=adv_li_tt","/title/tt0049646/?ref_=adv_li_tt","/title/tt0104155/?ref_=adv_li_tt","/title/tt5029642/?ref_=adv_li_tt","/title/tt0285368/?ref_=adv_li_tt","/title/tt0177625/?ref_=adv_li_tt","/title/tt1977001/?ref_=adv_li_tt","/title/tt0065669/?ref_=adv_li_tt","/title/tt4628882/?ref_=adv_li_tt","/title/tt0222812/?ref_=adv_li_tt","/title/tt0368730/?ref_=adv_li_tt","/title/tt2368606/?ref_=adv_li_tt","/title/tt7136736/?ref_=adv_li_tt","/title/tt0102209/?ref_=adv_li_tt","/title/tt1204883/?ref_=adv_li_tt","/title/tt2396671/?ref_=adv_li_tt","/title/tt0098385/?ref_=adv_li_tt","/title/tt0115813/?ref_=adv_li_tt","/title/tt0050545/?ref_=adv_li_tt","/title/tt4999820/?ref_=adv_li_tt","/title/tt0107504/?ref_=adv_li_tt","/title/tt2236160/?ref_=adv_li_tt","/title/tt0082346/?ref_=adv_li_tt","/title/tt1712159/?ref_=adv_li_tt","/title/tt0059106/?ref_=adv_li_tt","/title/tt6185998/?ref_=adv_li_tt","/title/tt1135933/?ref_=adv_li_tt","/title/tt5361610/?ref_=adv_li_tt","/title/tt6535880/?ref_=adv_li_tt","/title/tt0059821/?ref_=adv_li_tt","/title/tt7797926/?ref_=adv_li_tt","/title/tt6317030/?ref_=adv_li_tt","/title/tt1772261/?ref_=adv_li_tt","/title/tt0475323/?ref_=adv_li_tt","/title/tt0054416/?ref_=adv_li_tt","/title/tt3685668/?ref_=adv_li_tt","/title/tt7524444/?ref_=adv_li_tt","/title/tt0086349/?ref_=adv_li_tt","/title/tt0011130/?ref_=adv_li_tt","/title/tt0072225/?ref_=adv_li_tt","/title/tt1725156/?ref_=adv_li_tt","/title/tt0810823/?ref_=adv_li_tt","/title/tt0281471/?ref_=adv_li_tt","/title/tt0435528/?ref_=adv_li_tt","/title/tt0095330/?ref_=adv_li_tt","/title/tt0085356/?ref_=adv_li_tt","/title/tt0449471/?ref_=adv_li_tt","/title/tt2935390/?ref_=adv_li_tt","/title/tt2375585/?ref_=adv_li_tt","/title/tt0479760/?ref_=adv_li_tt","/title/tt1366371/?ref_=adv_li_tt","/title/tt1890725/?ref_=adv_li_tt","/title/tt0058567/?ref_=adv_li_tt","/title/tt0084825/?ref_=adv_li_tt","/title/tt0050610/?ref_=adv_li_tt","/title/tt4497686/?ref_=adv_li_tt","/title/tt0082338/?ref_=adv_li_tt","/title/tt1301698/?ref_=adv_li_tt","/title/tt0494224/?ref_=adv_li_tt","/title/tt0974977/?ref_=adv_li_tt","/title/tt3449006/?ref_=adv_li_tt","/title/tt2630336/?ref_=adv_li_tt","/title/tt5134532/?ref_=adv_li_tt","/title/tt0065580/?ref_=adv_li_tt","/title/tt0071431/?ref_=adv_li_tt","/title/tt0070926/?ref_=adv_li_tt","/title/tt1465834/?ref_=adv_li_tt","/title/tt3702668/?ref_=adv_li_tt","/title/tt1506437/?ref_=adv_li_tt","/title/tt0435576/?ref_=adv_li_tt","/title/tt0092795/?ref_=adv_li_tt","/title/tt1296899/?ref_=adv_li_tt","/title/tt3894916/?ref_=adv_li_tt","/title/tt4420040/?ref_=adv_li_tt","/title/tt1592253/?ref_=adv_li_tt","/title/tt0092576/?ref_=adv_li_tt","/title/tt6744302/?ref_=adv_li_tt","/title/tt4565400/?ref_=adv_li_tt","/title/tt5309954/?ref_=adv_li_tt","/title/tt3390964/?ref_=adv_li_tt","/title/tt0073537/?ref_=adv_li_tt","/title/tt2147459/?ref_=adv_li_tt","/title/tt0054020/?ref_=adv_li_tt","/title/tt0412704/?ref_=adv_li_tt","/title/tt0114070/?ref_=adv_li_tt","/title/tt0247120/?ref_=adv_li_tt","/title/tt2181889/?ref_=adv_li_tt","/title/tt1418712/?ref_=adv_li_tt","/title/tt2034176/?ref_=adv_li_tt","/title/tt2733258/?ref_=adv_li_tt","/title/tt0080645/?ref_=adv_li_tt","/title/tt0067487/?ref_=adv_li_tt","/title/tt0096046/?ref_=adv_li_tt","/title/tt0067500/?ref_=adv_li_tt","/title/tt2488220/?ref_=adv_li_tt","/title/tt0981224/?ref_=adv_li_tt","/title/tt0098486/?ref_=adv_li_tt","/title/tt1148200/?ref_=adv_li_tt","/title/tt0245120/?ref_=adv_li_tt","/title/tt0082804/?ref_=adv_li_tt","/title/tt0078417/?ref_=adv_li_tt","/title/tt4028442/?ref_=adv_li_tt","/title/tt0078067/?ref_=adv_li_tt","/title/tt0068502/?ref_=adv_li_tt","/title/tt3677840/?ref_=adv_li_tt","/title/tt0497323/?ref_=adv_li_tt","/title/tt0223268/?ref_=adv_li_tt","/title/tt2507280/?ref_=adv_li_tt","/title/tt0857295/?ref_=adv_li_tt","/title/tt4552486/?ref_=adv_li_tt","/title/tt0098068/?ref_=adv_li_tt","/title/tt5128826/?ref_=adv_li_tt","/title/tt0254872/?ref_=adv_li_tt","/title/tt3345474/?ref_=adv_li_tt","/title/tt3103620/?ref_=adv_li_tt","/title/tt3561236/?ref_=adv_li_tt","/title/tt0119194/?ref_=adv_li_tt","/title/tt0481297/?ref_=adv_li_tt","/title/tt5755280/?ref_=adv_li_tt","/title/tt0069745/?ref_=adv_li_tt","/title/tt7740510/?ref_=adv_li_tt","/title/tt3923004/?ref_=adv_li_tt","/title/tt0094850/?ref_=adv_li_tt","/title/tt3449040/?ref_=adv_li_tt","/title/tt1323508/?ref_=adv_li_tt","/title/tt0088255/?ref_=adv_li_tt","/title/tt0065856/?ref_=adv_li_tt","/title/tt0094962/?ref_=adv_li_tt","/title/tt0106450/?ref_=adv_li_tt","/title/tt0075164/?ref_=adv_li_tt","/title/tt0076809/?ref_=adv_li_tt","/title/tt0304262/?ref_=adv_li_tt","/title/tt5899100/?ref_=adv_li_tt","/title/tt0052602/?ref_=adv_li_tt","/title/tt7048676/?ref_=adv_li_tt","/title/tt0071186/?ref_=adv_li_tt","/title/tt0805837/?ref_=adv_li_tt","/title/tt1150934/?ref_=adv_li_tt","/title/tt4381834/?ref_=adv_li_tt","/title/tt0087796/?ref_=adv_li_tt","/title/tt5709892/?ref_=adv_li_tt","/title/tt0496436/?ref_=adv_li_tt","/title/tt0393685/?ref_=adv_li_tt","/title/tt6360872/?ref_=adv_li_tt","/title/tt0415167/?ref_=adv_li_tt","/title/tt0080402/?ref_=adv_li_tt","/title/tt1543024/?ref_=adv_li_tt","/title/tt0118137/?ref_=adv_li_tt","/title/tt2105005/?ref_=adv_li_tt","/title/tt0283043/?ref_=adv_li_tt","/title/tt1640218/?ref_=adv_li_tt","/title/tt0068503/?ref_=adv_li_tt","/title/tt7255374/?ref_=adv_li_tt","/title/tt4381048/?ref_=adv_li_tt","/title/tt7079558/?ref_=adv_li_tt","/title/tt0437363/?ref_=adv_li_tt","/title/tt0081178/?ref_=adv_li_tt","/title/tt2760784/?ref_=adv_li_tt","/title/tt1002992/?ref_=adv_li_tt","/title/tt3901962/?ref_=adv_li_tt","/title/tt0071276/?ref_=adv_li_tt","/title/tt5714322/?ref_=adv_li_tt","/title/tt0460665/?ref_=adv_li_tt","/title/tt2188807/?ref_=adv_li_tt","/title/tt0393024/?ref_=adv_li_tt","/title/tt0089338/?ref_=adv_li_tt","/title/tt3892618/?ref_=adv_li_tt","/title/tt0163492/?ref_=adv_li_tt","/title/tt0119279/?ref_=adv_li_tt","/title/tt0482374/?ref_=adv_li_tt","/title/tt0095215/?ref_=adv_li_tt","/title/tt0056331/?ref_=adv_li_tt","/title/tt0089665/?ref_=adv_li_tt","/title/tt0084573/?ref_=adv_li_tt","/title/tt0038343/?ref_=adv_li_tt","/title/tt0114306/?ref_=adv_li_tt","/title/tt2973402/?ref_=adv_li_tt","/title/tt2818178/?ref_=adv_li_tt","/title/tt4693464/?ref_=adv_li_tt","/title/tt0083844/?ref_=adv_li_tt","/title/tt1976554/?ref_=adv_li_tt","/title/tt0036027/?ref_=adv_li_tt","/title/tt0212830/?ref_=adv_li_tt","/title/tt4558256/?ref_=adv_li_tt","/title/tt2529924/?ref_=adv_li_tt","/title/tt0412467/?ref_=adv_li_tt","/title/tt1612782/?ref_=adv_li_tt","/title/tt2016670/?ref_=adv_li_tt","/title/tt3743126/?ref_=adv_li_tt","/title/tt1420558/?ref_=adv_li_tt","/title/tt0200469/?ref_=adv_li_tt","/title/tt0811073/?ref_=adv_li_tt","/title/tt1214983/?ref_=adv_li_tt","/title/tt1350498/?ref_=adv_li_tt","/title/tt1764614/?ref_=adv_li_tt","/title/tt0222368/?ref_=adv_li_tt","/title/tt2424612/?ref_=adv_li_tt","/title/tt7077598/?ref_=adv_li_tt","/title/tt0068416/?ref_=adv_li_tt","/title/tt5851598/?ref_=adv_li_tt","/title/tt0254871/?ref_=adv_li_tt","/title/tt2358911/?ref_=adv_li_tt","/title/tt5946668/?ref_=adv_li_tt","/title/tt5679554/?ref_=adv_li_tt","/title/tt0488962/?ref_=adv_li_tt","/title/tt0422779/?ref_=adv_li_tt","/title/tt0081467/?ref_=adv_li_tt","/title/tt4876524/?ref_=adv_li_tt","/title/tt3763748/?ref_=adv_li_tt","/title/tt4769758/?ref_=adv_li_tt","/title/tt7875948/?ref_=adv_li_tt","/title/tt2545538/?ref_=adv_li_tt","/title/tt0060794/?ref_=adv_li_tt","/title/tt0365265/?ref_=adv_li_tt","/title/tt5182786/?ref_=adv_li_tt","/title/tt0053719/?ref_=adv_li_tt","/title/tt4675030/?ref_=adv_li_tt","/title/tt3120568/?ref_=adv_li_tt","/title/tt0104870/?ref_=adv_li_tt","/title/tt5785978/?ref_=adv_li_tt","/title/tt0089060/?ref_=adv_li_tt","/title/tt0492784/?ref_=adv_li_tt","/title/tt3551042/?ref_=adv_li_tt","/title/tt4943934/?ref_=adv_li_tt","/title/tt0097001/?ref_=adv_li_tt","/title/tt0858411/?ref_=adv_li_tt","/title/tt7473716/?ref_=adv_li_tt","/title/tt0758781/?ref_=adv_li_tt","/title/tt2984660/?ref_=adv_li_tt","/title/tt0088500/?ref_=adv_li_tt","/title/tt0197857/?ref_=adv_li_tt","/title/tt1684927/?ref_=adv_li_tt","/title/tt3332282/?ref_=adv_li_tt","/title/tt0095389/?ref_=adv_li_tt","/title/tt1098356/?ref_=adv_li_tt","/title/tt2640474/?ref_=adv_li_tt","/title/tt2145909/?ref_=adv_li_tt","/title/tt0066412/?ref_=adv_li_tt","/title/tt4030442/?ref_=adv_li_tt","/title/tt0805619/?ref_=adv_li_tt","/title/tt6175486/?ref_=adv_li_tt","/title/tt0896533/?ref_=adv_li_tt","/title/tt0371853/?ref_=adv_li_tt","/title/tt1507364/?ref_=adv_li_tt","/title/tt0082537/?ref_=adv_li_tt","/title/tt1135095/?ref_=adv_li_tt","/title/tt0410332/?ref_=adv_li_tt","/title/tt3234078/?ref_=adv_li_tt","/title/tt0100261/?ref_=adv_li_tt","/title/tt7981182/?ref_=adv_li_tt","/title/tt0095924/?ref_=adv_li_tt","/title/tt0255067/?ref_=adv_li_tt","/title/tt0482855/?ref_=adv_li_tt","/title/tt0397430/?ref_=adv_li_tt","/title/tt0106302/?ref_=adv_li_tt","/title/tt2190838/?ref_=adv_li_tt","/title/tt1438534/?ref_=adv_li_tt","/title/tt6174142/?ref_=adv_li_tt","/title/tt0280969/?ref_=adv_li_tt","/title/tt0065478/?ref_=adv_li_tt","/title/tt0478125/?ref_=adv_li_tt","/title/tt1298594/?ref_=adv_li_tt","/title/tt0435653/?ref_=adv_li_tt","/title/tt2585562/?ref_=adv_li_tt","/title/tt0081432/?ref_=adv_li_tt","/title/tt0077132/?ref_=adv_li_tt","/title/tt0098136/?ref_=adv_li_tt","/title/tt0103111/?ref_=adv_li_tt","/title/tt0281048/?ref_=adv_li_tt","/title/tt0118643/?ref_=adv_li_tt","/title/tt3477752/?ref_=adv_li_tt","/title/tt0077904/?ref_=adv_li_tt","/title/tt3061836/?ref_=adv_li_tt","/title/tt1986097/?ref_=adv_li_tt","/title/tt0189072/?ref_=adv_li_tt","/title/tt2324928/?ref_=adv_li_tt","/title/tt5839426/?ref_=adv_li_tt","/title/tt0068522/?ref_=adv_li_tt","/title/tt0075930/?ref_=adv_li_tt","/title/tt4807272/?ref_=adv_li_tt","/title/tt3024324/?ref_=adv_li_tt","/title/tt0155350/?ref_=adv_li_tt","/title/tt0067713/?ref_=adv_li_tt","/title/tt0094077/?ref_=adv_li_tt","/title/tt6942194/?ref_=adv_li_tt","/title/tt0093626/?ref_=adv_li_tt","/title/tt0287856/?ref_=adv_li_tt","/title/tt0105792/?ref_=adv_li_tt","/title/tt1315885/?ref_=adv_li_tt","/title/tt1185264/?ref_=adv_li_tt","/title/tt3922350/?ref_=adv_li_tt","/title/tt0435961/?ref_=adv_li_tt","/title/tt3463896/?ref_=adv_li_tt","/title/tt2473750/?ref_=adv_li_tt","/title/tt0100639/?ref_=adv_li_tt","/title/tt3468818/?ref_=adv_li_tt","/title/tt0011237/?ref_=adv_li_tt","/title/tt0197521/?ref_=adv_li_tt","/title/tt5087914/?ref_=adv_li_tt","/title/tt5531032/?ref_=adv_li_tt","/title/tt1763316/?ref_=adv_li_tt","/title/tt0065470/?ref_=adv_li_tt","/title/tt2268573/?ref_=adv_li_tt","/title/tt1757742/?ref_=adv_li_tt","/title/tt6846128/?ref_=adv_li_tt","/title/tt0083296/?ref_=adv_li_tt","/title/tt6932148/?ref_=adv_li_tt","/title/tt0093854/?ref_=adv_li_tt","/title/tt0036931/?ref_=adv_li_tt","/title/tt5047400/?ref_=adv_li_tt","/title/tt0071565/?ref_=adv_li_tt","/title/tt0057295/?ref_=adv_li_tt","/title/tt8072078/?ref_=adv_li_tt","/title/tt0323808/?ref_=adv_li_tt","/title/tt2836628/?ref_=adv_li_tt","/title/tt4864584/?ref_=adv_li_tt","/title/tt0052655/?ref_=adv_li_tt","/title/tt3305844/?ref_=adv_li_tt","/title/tt0374180/?ref_=adv_li_tt","/title/tt0080440/?ref_=adv_li_tt","/title/tt4424292/?ref_=adv_li_tt","/title/tt3390550/?ref_=adv_li_tt","/title/tt0058283/?ref_=adv_li_tt","/title/tt2145637/?ref_=adv_li_tt","/title/tt0070868/?ref_=adv_li_tt","/title/tt3184674/?ref_=adv_li_tt","/title/tt1993396/?ref_=adv_li_tt","/title/tt0187696/?ref_=adv_li_tt","/title/tt0470761/?ref_=adv_li_tt","/title/tt0473267/?ref_=adv_li_tt","/title/tt0049370/?ref_=adv_li_tt","/title/tt3620846/?ref_=adv_li_tt","/title/tt0071212/?ref_=adv_li_tt","/title/tt1646973/?ref_=adv_li_tt","/title/tt0247303/?ref_=adv_li_tt","/title/tt0075913/?ref_=adv_li_tt","/title/tt4985848/?ref_=adv_li_tt","/title/tt8037600/?ref_=adv_li_tt","/title/tt0089964/?ref_=adv_li_tt","/title/tt0768222/?ref_=adv_li_tt","/title/tt0090649/?ref_=adv_li_tt","/title/tt0816539/?ref_=adv_li_tt","/title/tt2345721/?ref_=adv_li_tt","/title/tt0369452/?ref_=adv_li_tt","/title/tt0079635/?ref_=adv_li_tt","/title/tt0057318/?ref_=adv_li_tt","/title/tt1188990/?ref_=adv_li_tt","/title/tt1050160/?ref_=adv_li_tt","/title/tt1020055/?ref_=adv_li_tt","/title/tt0116033/?ref_=adv_li_tt","/title/tt0080379/?ref_=adv_li_tt","/title/tt5613902/?ref_=adv_li_tt","/title/tt0851530/?ref_=adv_li_tt","/title/tt0057128/?ref_=adv_li_tt","/title/tt3960394/?ref_=adv_li_tt","/title/tt4278962/?ref_=adv_li_tt","/title/tt3079568/?ref_=adv_li_tt","/title/tt1554092/?ref_=adv_li_tt","/title/tt0034786/?ref_=adv_li_tt","/title/tt2400305/?ref_=adv_li_tt","/title/tt2761792/?ref_=adv_li_tt","/title/tt7251666/?ref_=adv_li_tt","/title/tt5840030/?ref_=adv_li_tt","/title/tt0066141/?ref_=adv_li_tt","/title/tt0050720/?ref_=adv_li_tt","/title/tt0988083/?ref_=adv_li_tt","/title/tt2112287/?ref_=adv_li_tt","/title/tt1430077/?ref_=adv_li_tt","/title/tt0075989/?ref_=adv_li_tt","/title/tt1792799/?ref_=adv_li_tt","/title/tt0069343/?ref_=adv_li_tt","/title/tt1706365/?ref_=adv_li_tt","/title/tt3775202/?ref_=adv_li_tt","/title/tt6895284/?ref_=adv_li_tt","/title/tt2459038/?ref_=adv_li_tt","/title/tt0053241/?ref_=adv_li_tt","/title/tt0069298/?ref_=adv_li_tt","/title/tt0468461/?ref_=adv_li_tt","/title/tt4276752/?ref_=adv_li_tt","/title/tt0093119/?ref_=adv_li_tt","/title/tt4229298/?ref_=adv_li_tt","/title/tt3067274/?ref_=adv_li_tt","/title/tt2554842/?ref_=adv_li_tt","/title/tt0106753/?ref_=adv_li_tt","/title/tt0071256/?ref_=adv_li_tt","/title/tt0996979/?ref_=adv_li_tt","/title/tt3114350/?ref_=adv_li_tt","/title/tt0208502/?ref_=adv_li_tt","/title/tt2991296/?ref_=adv_li_tt","/title/tt0406310/?ref_=adv_li_tt","/title/tt0110604/?ref_=adv_li_tt","/title/tt1142978/?ref_=adv_li_tt","/title/tt0282975/?ref_=adv_li_tt","/title/tt0066827/?ref_=adv_li_tt","/title/tt0068271/?ref_=adv_li_tt","/title/tt1549584/?ref_=adv_li_tt","/title/tt7965040/?ref_=adv_li_tt","/title/tt0081250/?ref_=adv_li_tt","/title/tt0108053/?ref_=adv_li_tt","/title/tt0127045/?ref_=adv_li_tt","/title/tt1245687/?ref_=adv_li_tt","/title/tt0813971/?ref_=adv_li_tt","/title/tt0078503/?ref_=adv_li_tt","/title/tt0104115/?ref_=adv_li_tt","/title/tt0095334/?ref_=adv_li_tt","/title/tt1988235/?ref_=adv_li_tt","/title/tt5241380/?ref_=adv_li_tt","/title/tt3109072/?ref_=adv_li_tt","/title/tt2825230/?ref_=adv_li_tt","/title/tt0038338/?ref_=adv_li_tt","/title/tt2012665/?ref_=adv_li_tt","/title/tt6945978/?ref_=adv_li_tt","/title/tt2113792/?ref_=adv_li_tt","/title/tt0098672/?ref_=adv_li_tt","/title/tt0062833/?ref_=adv_li_tt","/title/tt0114137/?ref_=adv_li_tt","/title/tt1267319/?ref_=adv_li_tt","/title/tt0056552/?ref_=adv_li_tt","/title/tt8014896/?ref_=adv_li_tt","/title/tt0097557/?ref_=adv_li_tt","/title/tt1662293/?ref_=adv_li_tt","/title/tt2014319/?ref_=adv_li_tt","/title/tt6984258/?ref_=adv_li_tt","/title/tt0446719/?ref_=adv_li_tt","/title/tt5987956/?ref_=adv_li_tt","/title/tt1999167/?ref_=adv_li_tt","/title/tt0337961/?ref_=adv_li_tt","/title/tt1118070/?ref_=adv_li_tt","/title/tt0066104/?ref_=adv_li_tt","/title/tt1319716/?ref_=adv_li_tt","/title/tt0165564/?ref_=adv_li_tt","/title/tt0804443/?ref_=adv_li_tt","/title/tt6462084/?ref_=adv_li_tt","/title/tt7728604/?ref_=adv_li_tt","/title/tt0996967/?ref_=adv_li_tt","/title/tt0120495/?ref_=adv_li_tt","/title/tt0472458/?ref_=adv_li_tt","/title/tt0128232/?ref_=adv_li_tt","/title/tt0899258/?ref_=adv_li_tt","/title/tt0116924/?ref_=adv_li_tt","/title/tt0280282/?ref_=adv_li_tt","/title/tt1724965/?ref_=adv_li_tt","/title/tt0321782/?ref_=adv_li_tt","/title/tt0067367/?ref_=adv_li_tt","/title/tt0079482/?ref_=adv_li_tt","/title/tt0364599/?ref_=adv_li_tt","/title/tt6723522/?ref_=adv_li_tt","/title/tt7324540/?ref_=adv_li_tt","/title/tt0068863/?ref_=adv_li_tt","/title/tt4839118/?ref_=adv_li_tt","/title/tt5667286/?ref_=adv_li_tt","/title/tt0113187/?ref_=adv_li_tt","/title/tt0095286/?ref_=adv_li_tt","/title/tt1104836/?ref_=adv_li_tt","/title/tt1127177/?ref_=adv_li_tt","/title/tt1220214/?ref_=adv_li_tt","/title/tt0069029/?ref_=adv_li_tt","/title/tt3307726/?ref_=adv_li_tt","/title/tt0294594/?ref_=adv_li_tt","/title/tt1753811/?ref_=adv_li_tt","/title/tt0087746/?ref_=adv_li_tt","/title/tt0066952/?ref_=adv_li_tt","/title/tt6608032/?ref_=adv_li_tt","/title/tt0050147/?ref_=adv_li_tt","/title/tt0081850/?ref_=adv_li_tt","/title/tt4442030/?ref_=adv_li_tt","/title/tt6176406/?ref_=adv_li_tt","/title/tt0090771/?ref_=adv_li_tt","/title/tt0055200/?ref_=adv_li_tt","/title/tt4655630/?ref_=adv_li_tt","/title/tt0163375/?ref_=adv_li_tt","/title/tt0107101/?ref_=adv_li_tt","/title/tt0180274/?ref_=adv_li_tt","/title/tt0371920/?ref_=adv_li_tt","/title/tt1703911/?ref_=adv_li_tt","/title/tt0274659/?ref_=adv_li_tt","/title/tt3398436/?ref_=adv_li_tt","/title/tt5361326/?ref_=adv_li_tt","/title/tt4566574/?ref_=adv_li_tt","/title/tt1781775/?ref_=adv_li_tt","/title/tt1273207/?ref_=adv_li_tt","/title/tt0080486/?ref_=adv_li_tt","/title/tt2822126/?ref_=adv_li_tt","/title/tt0275230/?ref_=adv_li_tt","/title/tt0102585/?ref_=adv_li_tt","/title/tt0100438/?ref_=adv_li_tt","/title/tt0057181/?ref_=adv_li_tt","/title/tt0918575/?ref_=adv_li_tt","/title/tt0837796/?ref_=adv_li_tt","/title/tt0078749/?ref_=adv_li_tt","/title/tt0848554/?ref_=adv_li_tt","/title/tt0068424/?ref_=adv_li_tt","/title/tt0320028/?ref_=adv_li_tt","/title/tt0458480/?ref_=adv_li_tt","/title/tt0205779/?ref_=adv_li_tt","/title/tt5033000/?ref_=adv_li_tt","/title/tt0897347/?ref_=adv_li_tt","/title/tt2193031/?ref_=adv_li_tt","/title/tt0760187/?ref_=adv_li_tt","/title/tt3562786/?ref_=adv_li_tt","/title/tt4149732/?ref_=adv_li_tt","/title/tt1020543/?ref_=adv_li_tt","/title/tt3899262/?ref_=adv_li_tt","/title/tt0002130/?ref_=adv_li_tt","/title/tt5437394/?ref_=adv_li_tt","/title/tt0084472/?ref_=adv_li_tt","/title/tt0032520/?ref_=adv_li_tt","/title/tt2082152/?ref_=adv_li_tt","/title/tt3387174/?ref_=adv_li_tt","/title/tt3709442/?ref_=adv_li_tt","/title/tt1385543/?ref_=adv_li_tt","/title/tt0161634/?ref_=adv_li_tt","/title/tt0926063/?ref_=adv_li_tt","/title/tt0067950/?ref_=adv_li_tt","/title/tt0818519/?ref_=adv_li_tt","/title/tt3561828/?ref_=adv_li_tt","/title/tt0068074/?ref_=adv_li_tt","/title/tt0489244/?ref_=adv_li_tt","/title/tt1743993/?ref_=adv_li_tt","/title/tt0099313/?ref_=adv_li_tt","/title/tt3400932/?ref_=adv_li_tt","/title/tt0102862/?ref_=adv_li_tt","/title/tt0252963/?ref_=adv_li_tt","/title/tt0112843/?ref_=adv_li_tt","/title/tt1562567/?ref_=adv_li_tt","/title/tt4183170/?ref_=adv_li_tt","/title/tt0113982/?ref_=adv_li_tt","/title/tt1299653/?ref_=adv_li_tt","/title/tt0099875/?ref_=adv_li_tt","/title/tt1756479/?ref_=adv_li_tt","/title/tt5300736/?ref_=adv_li_tt","/title/tt1193126/?ref_=adv_li_tt","/title/tt0069956/?ref_=adv_li_tt","/title/tt0435687/?ref_=adv_li_tt","/title/tt0090915/?ref_=adv_li_tt","/title/tt2938464/?ref_=adv_li_tt","/title/tt1621446/?ref_=adv_li_tt","/title/tt4071282/?ref_=adv_li_tt","/title/tt0095483/?ref_=adv_li_tt","/title/tt3591988/?ref_=adv_li_tt","/title/tt5033290/?ref_=adv_li_tt","/title/tt2789238/?ref_=adv_li_tt","/title/tt0093227/?ref_=adv_li_tt","/title/tt0102007/?ref_=adv_li_tt","/title/tt0268579/?ref_=adv_li_tt","/title/tt4627224/?ref_=adv_li_tt","/title/tt0453533/?ref_=adv_li_tt","/title/tt0313597/?ref_=adv_li_tt","/title/tt3120314/?ref_=adv_li_tt","/title/tt6832388/?ref_=adv_li_tt","/title/tt3792884/?ref_=adv_li_tt","/title/tt0085937/?ref_=adv_li_tt","/title/tt0203940/?ref_=adv_li_tt","/title/tt0905994/?ref_=adv_li_tt","/title/tt0062032/?ref_=adv_li_tt","/title/tt0074226/?ref_=adv_li_tt","/title/tt7074750/?ref_=adv_li_tt","/title/tt0087798/?ref_=adv_li_tt","/title/tt1305880/?ref_=adv_li_tt","/title/tt0071790/?ref_=adv_li_tt","/title/tt1064744/?ref_=adv_li_tt","/title/tt0140749/?ref_=adv_li_tt","/title/tt5829104/?ref_=adv_li_tt","/title/tt6426654/?ref_=adv_li_tt","/title/tt0117692/?ref_=adv_li_tt","/title/tt0402743/?ref_=adv_li_tt","/title/tt4980812/?ref_=adv_li_tt","/title/tt2762738/?ref_=adv_li_tt","/title/tt1642665/?ref_=adv_li_tt","/title/tt1885304/?ref_=adv_li_tt","/title/tt0887261/?ref_=adv_li_tt","/title/tt2191888/?ref_=adv_li_tt","/title/tt1267296/?ref_=adv_li_tt","/title/tt0128801/?ref_=adv_li_tt","/title/tt1920860/?ref_=adv_li_tt","/title/tt0096511/?ref_=adv_li_tt","/title/tt3722356/?ref_=adv_li_tt","/title/tt1691452/?ref_=adv_li_tt","/title/tt0417745/?ref_=adv_li_tt","/title/tt0070694/?ref_=adv_li_tt","/title/tt0374333/?ref_=adv_li_tt","/title/tt3218580/?ref_=adv_li_tt","/title/tt0052320/?ref_=adv_li_tt","/title/tt0108135/?ref_=adv_li_tt","/title/tt0068370/?ref_=adv_li_tt","/title/tt0078330/?ref_=adv_li_tt","/title/tt0060548/?ref_=adv_li_tt","/title/tt6905442/?ref_=adv_li_tt","/title/tt5253246/?ref_=adv_li_tt","/title/tt0060307/?ref_=adv_li_tt","/title/tt1728179/?ref_=adv_li_tt","/title/tt1684936/?ref_=adv_li_tt","/title/tt0037024/?ref_=adv_li_tt","/title/tt1018817/?ref_=adv_li_tt","/title/tt0079886/?ref_=adv_li_tt","/title/tt0056943/?ref_=adv_li_tt","/title/tt3123980/?ref_=adv_li_tt","/title/tt2735292/?ref_=adv_li_tt","/title/tt2123265/?ref_=adv_li_tt","/title/tt5639388/?ref_=adv_li_tt","/title/tt3013018/?ref_=adv_li_tt","/title/tt0079135/?ref_=adv_li_tt","/title/tt5047720/?ref_=adv_li_tt","/title/tt0063172/?ref_=adv_li_tt","/title/tt5261772/?ref_=adv_li_tt","/title/tt5848862/?ref_=adv_li_tt","/title/tt2917484/?ref_=adv_li_tt","/title/tt0066476/?ref_=adv_li_tt","/title/tt0275773/?ref_=adv_li_tt","/title/tt0169501/?ref_=adv_li_tt","/title/tt0120380/?ref_=adv_li_tt","/title/tt2553444/?ref_=adv_li_tt","/title/tt4173306/?ref_=adv_li_tt","/title/tt0107009/?ref_=adv_li_tt","/title/tt0079027/?ref_=adv_li_tt","/title/tt0070916/?ref_=adv_li_tt","/title/tt0093873/?ref_=adv_li_tt","/title/tt5596278/?ref_=adv_li_tt","/title/tt0356176/?ref_=adv_li_tt","/title/tt5607782/?ref_=adv_li_tt","/title/tt0491560/?ref_=adv_li_tt","/title/tt1295071/?ref_=adv_li_tt","/title/tt0116791/?ref_=adv_li_tt","/title/tt0142035/?ref_=adv_li_tt","/title/tt3220100/?ref_=adv_li_tt","/title/tt0060841/?ref_=adv_li_tt","/title/tt0395413/?ref_=adv_li_tt","/title/tt0082362/?ref_=adv_li_tt","/title/tt0069002/?ref_=adv_li_tt","/title/tt2465308/?ref_=adv_li_tt","/title/tt0096310/?ref_=adv_li_tt","/title/tt2959536/?ref_=adv_li_tt","/title/tt7235456/?ref_=adv_li_tt","/title/tt0058983/?ref_=adv_li_tt","/title/tt0032412/?ref_=adv_li_tt","/title/tt0117342/?ref_=adv_li_tt","/title/tt7646754/?ref_=adv_li_tt","/title/tt2396421/?ref_=adv_li_tt","/title/tt0062384/?ref_=adv_li_tt","/title/tt1559033/?ref_=adv_li_tt","/title/tt1196124/?ref_=adv_li_tt","/title/tt5127214/?ref_=adv_li_tt","/title/tt0024368/?ref_=adv_li_tt","/title/tt0072267/?ref_=adv_li_tt","/title/tt0165662/?ref_=adv_li_tt","/title/tt0451102/?ref_=adv_li_tt","/title/tt0066578/?ref_=adv_li_tt","/title/tt0430164/?ref_=adv_li_tt","/title/tt3530328/?ref_=adv_li_tt","/title/tt0068415/?ref_=adv_li_tt","/title/tt1928337/?ref_=adv_li_tt","/title/tt0852940/?ref_=adv_li_tt","/title/tt0353016/?ref_=adv_li_tt","/title/tt7752126/?ref_=adv_li_tt","/title/tt7946216/?ref_=adv_li_tt","/title/tt0272147/?ref_=adv_li_tt","/title/tt0050530/?ref_=adv_li_tt","/title/tt0104119/?ref_=adv_li_tt","/title/tt0065854/?ref_=adv_li_tt","/title/tt3831636/?ref_=adv_li_tt","/title/tt0067384/?ref_=adv_li_tt","/title/tt0064949/?ref_=adv_li_tt","/title/tt7577876/?ref_=adv_li_tt","/title/tt0400347/?ref_=adv_li_tt","/title/tt5545254/?ref_=adv_li_tt","/title/tt0071282/?ref_=adv_li_tt","/title/tt0061683/?ref_=adv_li_tt","/title/tt1430794/?ref_=adv_li_tt","/title/tt0048127/?ref_=adv_li_tt","/title/tt0252227/?ref_=adv_li_tt","/title/tt5075662/?ref_=adv_li_tt","/title/tt5108168/?ref_=adv_li_tt","/title/tt2689354/?ref_=adv_li_tt","/title/tt0084298/?ref_=adv_li_tt","/title/tt2446318/?ref_=adv_li_tt","/title/tt1545986/?ref_=adv_li_tt","/title/tt0093582/?ref_=adv_li_tt","/title/tt0049363/?ref_=adv_li_tt","/title/tt3139338/?ref_=adv_li_tt","/title/tt1778346/?ref_=adv_li_tt","/title/tt4787000/?ref_=adv_li_tt","/title/tt0099395/?ref_=adv_li_tt","/title/tt0085303/?ref_=adv_li_tt","/title/tt0363276/?ref_=adv_li_tt","/title/tt0052611/?ref_=adv_li_tt","/title/tt4307868/?ref_=adv_li_tt","/title/tt0067321/?ref_=adv_li_tt","/title/tt1001520/?ref_=adv_li_tt","/title/tt5129156/?ref_=adv_li_tt","/title/tt0046280/?ref_=adv_li_tt","/title/tt0090233/?ref_=adv_li_tt","/title/tt0182996/?ref_=adv_li_tt","/title/tt0229916/?ref_=adv_li_tt","/title/tt5570594/?ref_=adv_li_tt","/title/tt5839116/?ref_=adv_li_tt","/title/tt1811371/?ref_=adv_li_tt","/title/tt0072019/?ref_=adv_li_tt","/title/tt0108350/?ref_=adv_li_tt","/title/tt1067773/?ref_=adv_li_tt","/title/tt0071268/?ref_=adv_li_tt","/title/tt1464535/?ref_=adv_li_tt","/title/tt2364673/?ref_=adv_li_tt","/title/tt2630992/?ref_=adv_li_tt","/title/tt0116770/?ref_=adv_li_tt","/title/tt0303929/?ref_=adv_li_tt","/title/tt0328077/?ref_=adv_li_tt","/title/tt3375286/?ref_=adv_li_tt","/title/tt4974778/?ref_=adv_li_tt","/title/tt2709446/?ref_=adv_li_tt","/title/tt0052846/?ref_=adv_li_tt","/title/tt0062266/?ref_=adv_li_tt","/title/tt2095004/?ref_=adv_li_tt","/title/tt7542652/?ref_=adv_li_tt","/title/tt2391023/?ref_=adv_li_tt","/title/tt0036341/?ref_=adv_li_tt","/title/tt3834874/?ref_=adv_li_tt","/title/tt0097719/?ref_=adv_li_tt","/title/tt3477620/?ref_=adv_li_tt","/title/tt0159241/?ref_=adv_li_tt","/title/tt0158634/?ref_=adv_li_tt","/title/tt0082361/?ref_=adv_li_tt","/title/tt0265171/?ref_=adv_li_tt","/title/tt0337598/?ref_=adv_li_tt","/title/tt4418152/?ref_=adv_li_tt","/title/tt0127919/?ref_=adv_li_tt","/title/tt2177336/?ref_=adv_li_tt","/title/tt2090629/?ref_=adv_li_tt","/title/tt0066058/?ref_=adv_li_tt","/title/tt1612319/?ref_=adv_li_tt","/title/tt6098380/?ref_=adv_li_tt","/title/tt0218553/?ref_=adv_li_tt","/title/tt0027194/?ref_=adv_li_tt","/title/tt0086026/?ref_=adv_li_tt","/title/tt5829032/?ref_=adv_li_tt","/title/tt0067489/?ref_=adv_li_tt","/title/tt7440124/?ref_=adv_li_tt","/title/tt0433308/?ref_=adv_li_tt","/title/tt2978716/?ref_=adv_li_tt","/title/tt1136684/?ref_=adv_li_tt","/title/tt0284303/?ref_=adv_li_tt","/title/tt4522918/?ref_=adv_li_tt","/title/tt6920084/?ref_=adv_li_tt","/title/tt1984110/?ref_=adv_li_tt","/title/tt0365677/?ref_=adv_li_tt","/title/tt0059465/?ref_=adv_li_tt","/title/tt0102569/?ref_=adv_li_tt","/title/tt4638148/?ref_=adv_li_tt","/title/tt0074569/?ref_=adv_li_tt","/title/tt1838571/?ref_=adv_li_tt","/title/tt0409548/?ref_=adv_li_tt","/title/tt0094995/?ref_=adv_li_tt","/title/tt0082272/?ref_=adv_li_tt","/title/tt0385560/?ref_=adv_li_tt","/title/tt0849236/?ref_=adv_li_tt","/title/tt0082467/?ref_=adv_li_tt","/title/tt2041331/?ref_=adv_li_tt","/title/tt6215210/?ref_=adv_li_tt","/title/tt0386616/?ref_=adv_li_tt","/title/tt0071318/?ref_=adv_li_tt","/title/tt5265536/?ref_=adv_li_tt","/title/tt8021048/?ref_=adv_li_tt","/title/tt2652948/?ref_=adv_li_tt","/title/tt0058073/?ref_=adv_li_tt","/title/tt0325597/?ref_=adv_li_tt","/title/tt3127798/?ref_=adv_li_tt","/title/tt5767182/?ref_=adv_li_tt","/title/tt1637713/?ref_=adv_li_tt","/title/tt0299988/?ref_=adv_li_tt","/title/tt0083261/?ref_=adv_li_tt","/title/tt0081229/?ref_=adv_li_tt","/title/tt0072666/?ref_=adv_li_tt","/title/tt4080086/?ref_=adv_li_tt","/title/tt0352307/?ref_=adv_li_tt","/title/tt0054333/?ref_=adv_li_tt","/title/tt1988781/?ref_=adv_li_tt","/title/tt2977158/?ref_=adv_li_tt","/title/tt0054938/?ref_=adv_li_tt","/title/tt0107899/?ref_=adv_li_tt","/title/tt0367913/?ref_=adv_li_tt","/title/tt1243955/?ref_=adv_li_tt","/title/tt0083146/?ref_=adv_li_tt","/title/tt1586261/?ref_=adv_li_tt","/title/tt5160954/?ref_=adv_li_tt","/title/tt0279730/?ref_=adv_li_tt","/title/tt0068649/?ref_=adv_li_tt","/title/tt5351576/?ref_=adv_li_tt","/title/tt2752076/?ref_=adv_li_tt","/title/tt0069124/?ref_=adv_li_tt","/title/tt0161941/?ref_=adv_li_tt","/title/tt0883995/?ref_=adv_li_tt","/title/tt0098412/?ref_=adv_li_tt","/title/tt3360828/?ref_=adv_li_tt","/title/tt2050633/?ref_=adv_li_tt","/title/tt0100663/?ref_=adv_li_tt","/title/tt1943014/?ref_=adv_li_tt","/title/tt0795403/?ref_=adv_li_tt","/title/tt0078295/?ref_=adv_li_tt","/title/tt7404868/?ref_=adv_li_tt","/title/tt6063014/?ref_=adv_li_tt","/title/tt2947556/?ref_=adv_li_tt","/title/tt1459013/?ref_=adv_li_tt","/title/tt1764647/?ref_=adv_li_tt","/title/tt4567486/?ref_=adv_li_tt","/title/tt0071519/?ref_=adv_li_tt","/title/tt1352421/?ref_=adv_li_tt","/title/tt0485376/?ref_=adv_li_tt","/title/tt3394510/?ref_=adv_li_tt","/title/tt0082084/?ref_=adv_li_tt","/title/tt0110770/?ref_=adv_li_tt","/title/tt7452916/?ref_=adv_li_tt","/title/tt1447791/?ref_=adv_li_tt","/title/tt2842098/?ref_=adv_li_tt","/title/tt0053363/?ref_=adv_li_tt","/title/tt0454224/?ref_=adv_li_tt","/title/tt0068232/?ref_=adv_li_tt","/title/tt0484881/?ref_=adv_li_tt","/title/tt0268256/?ref_=adv_li_tt","/title/tt0313016/?ref_=adv_li_tt","/title/tt0084747/?ref_=adv_li_tt","/title/tt1617620/?ref_=adv_li_tt","/title/tt0892109/?ref_=adv_li_tt","/title/tt1825697/?ref_=adv_li_tt","/title/tt3646944/?ref_=adv_li_tt","/title/tt2272336/?ref_=adv_li_tt","/title/tt0093286/?ref_=adv_li_tt","/title/tt0121694/?ref_=adv_li_tt","/title/tt2381375/?ref_=adv_li_tt","/title/tt1830238/?ref_=adv_li_tt","/title/tt4082482/?ref_=adv_li_tt","/title/tt0434179/?ref_=adv_li_tt","/title/tt0347840/?ref_=adv_li_tt","/title/tt3181898/?ref_=adv_li_tt","/title/tt6397524/?ref_=adv_li_tt","/title/tt3750238/?ref_=adv_li_tt","/title/tt0118840/?ref_=adv_li_tt","/title/tt4270700/?ref_=adv_li_tt","/title/tt0943946/?ref_=adv_li_tt","/title/tt0264695/?ref_=adv_li_tt","/title/tt0906788/?ref_=adv_li_tt","/title/tt1453245/?ref_=adv_li_tt","/title/tt1732651/?ref_=adv_li_tt","/title/tt0065738/?ref_=adv_li_tt","/title/tt1720189/?ref_=adv_li_tt","/title/tt0097444/?ref_=adv_li_tt","/title/tt0384833/?ref_=adv_li_tt","/title/tt0094929/?ref_=adv_li_tt","/title/tt1388427/?ref_=adv_li_tt","/title/tt1314008/?ref_=adv_li_tt","/title/tt1595833/?ref_=adv_li_tt","/title/tt5113986/?ref_=adv_li_tt","/title/tt0050778/?ref_=adv_li_tt","/title/tt0288243/?ref_=adv_li_tt","/title/tt0089593/?ref_=adv_li_tt","/title/tt0098502/?ref_=adv_li_tt","/title/tt0084100/?ref_=adv_li_tt","/title/tt0076161/?ref_=adv_li_tt","/title/tt1734067/?ref_=adv_li_tt","/title/tt3697398/?ref_=adv_li_tt","/title/tt3569374/?ref_=adv_li_tt","/title/tt3381068/?ref_=adv_li_tt","/title/tt0040829/?ref_=adv_li_tt","/title/tt4897358/?ref_=adv_li_tt","/title/tt6426598/?ref_=adv_li_tt","/title/tt5637736/?ref_=adv_li_tt","/title/tt2444092/?ref_=adv_li_tt","/title/tt6188002/?ref_=adv_li_tt","/title/tt2290065/?ref_=adv_li_tt","/title/tt6969860/?ref_=adv_li_tt","/title/tt1876454/?ref_=adv_li_tt","/title/tt1690483/?ref_=adv_li_tt","/title/tt5207320/?ref_=adv_li_tt","/title/tt1740725/?ref_=adv_li_tt","/title/tt3878638/?ref_=adv_li_tt","/title/tt0067017/?ref_=adv_li_tt","/title/tt5949038/?ref_=adv_li_tt","/title/tt0102728/?ref_=adv_li_tt","/title/tt1827354/?ref_=adv_li_tt","/title/tt1920029/?ref_=adv_li_tt","/title/tt4915824/?ref_=adv_li_tt","/title/tt3386928/?ref_=adv_li_tt","/title/tt6739248/?ref_=adv_li_tt","/title/tt0054673/?ref_=adv_li_tt","/title/tt4139336/?ref_=adv_li_tt","/title/tt0076731/?ref_=adv_li_tt","/title/tt3297314/?ref_=adv_li_tt","/title/tt3365338/?ref_=adv_li_tt","/title/tt2900822/?ref_=adv_li_tt","/title/tt0018528/?ref_=adv_li_tt","/title/tt0075922/?ref_=adv_li_tt","/title/tt1577055/?ref_=adv_li_tt","/title/tt0183678/?ref_=adv_li_tt","/title/tt0081515/?ref_=adv_li_tt","/title/tt0056279/?ref_=adv_li_tt","/title/tt0473514/?ref_=adv_li_tt","/title/tt0081793/?ref_=adv_li_tt","/title/tt0069048/?ref_=adv_li_tt","/title/tt0441741/?ref_=adv_li_tt","/title/tt0142074/?ref_=adv_li_tt","/title/tt1153100/?ref_=adv_li_tt","/title/tt0081232/?ref_=adv_li_tt","/title/tt7043554/?ref_=adv_li_tt","/title/tt0244808/?ref_=adv_li_tt","/title/tt0181012/?ref_=adv_li_tt","/title/tt5515374/?ref_=adv_li_tt","/title/tt0095012/?ref_=adv_li_tt","/title/tt0093990/?ref_=adv_li_tt","/title/tt7814574/?ref_=adv_li_tt","/title/tt0092516/?ref_=adv_li_tt","/title/tt0074475/?ref_=adv_li_tt","/title/tt7722868/?ref_=adv_li_tt","/title/tt1331329/?ref_=adv_li_tt","/title/tt0076630/?ref_=adv_li_tt","/title/tt0064888/?ref_=adv_li_tt","/title/tt0084739/?ref_=adv_li_tt","/title/tt2179239/?ref_=adv_li_tt","/title/tt0996934/?ref_=adv_li_tt","/title/tt6359082/?ref_=adv_li_tt","/title/tt0089371/?ref_=adv_li_tt","/title/tt3629032/?ref_=adv_li_tt","/title/tt5466514/?ref_=adv_li_tt","/title/tt0087464/?ref_=adv_li_tt","/title/tt1231593/?ref_=adv_li_tt","/title/tt0068715/?ref_=adv_li_tt","/title/tt0056368/?ref_=adv_li_tt","/title/tt0077756/?ref_=adv_li_tt","/title/tt0075651/?ref_=adv_li_tt","/title/tt1236254/?ref_=adv_li_tt","/title/tt1027806/?ref_=adv_li_tt","/title/tt0092831/?ref_=adv_li_tt","/title/tt7469972/?ref_=adv_li_tt","/title/tt3524346/?ref_=adv_li_tt","/title/tt0070697/?ref_=adv_li_tt","/title/tt0260155/?ref_=adv_li_tt","/title/tt2457138/?ref_=adv_li_tt","/title/tt5493660/?ref_=adv_li_tt","/title/tt0105000/?ref_=adv_li_tt","/title/tt4520340/?ref_=adv_li_tt","/title/tt0088822/?ref_=adv_li_tt","/title/tt0811124/?ref_=adv_li_tt","/title/tt0185481/?ref_=adv_li_tt","/title/tt0100161/?ref_=adv_li_tt","/title/tt2622988/?ref_=adv_li_tt","/title/tt5377564/?ref_=adv_li_tt","/title/tt2836202/?ref_=adv_li_tt","/title/tt0135033/?ref_=adv_li_tt","/title/tt0050873/?ref_=adv_li_tt","/title/tt0101675/?ref_=adv_li_tt","/title/tt1535715/?ref_=adv_li_tt","/title/tt4767884/?ref_=adv_li_tt","/title/tt4066000/?ref_=adv_li_tt","/title/tt3575258/?ref_=adv_li_tt","/title/tt0070656/?ref_=adv_li_tt","/title/tt2647078/?ref_=adv_li_tt","/title/tt3072668/?ref_=adv_li_tt","/title/tt2236182/?ref_=adv_li_tt","/title/tt3587064/?ref_=adv_li_tt","/title/tt0056277/?ref_=adv_li_tt","/title/tt1886757/?ref_=adv_li_tt","/title/tt0061005/?ref_=adv_li_tt","/title/tt5821150/?ref_=adv_li_tt","/title/tt3528852/?ref_=adv_li_tt","/title/tt2089681/?ref_=adv_li_tt","/title/tt3118442/?ref_=adv_li_tt","/title/tt0473298/?ref_=adv_li_tt","/title/tt0244782/?ref_=adv_li_tt","/title/tt1604560/?ref_=adv_li_tt","/title/tt1194271/?ref_=adv_li_tt","/title/tt0322622/?ref_=adv_li_tt","/title/tt0065398/?ref_=adv_li_tt","/title/tt0050722/?ref_=adv_li_tt","/title/tt0110620/?ref_=adv_li_tt","/title/tt1492872/?ref_=adv_li_tt","/title/tt0271972/?ref_=adv_li_tt","/title/tt2916416/?ref_=adv_li_tt","/title/tt0037549/?ref_=adv_li_tt","/title/tt2633598/?ref_=adv_li_tt","/title/tt1161951/?ref_=adv_li_tt","/title/tt0995031/?ref_=adv_li_tt","/title/tt0067690/?ref_=adv_li_tt","/title/tt4969672/?ref_=adv_li_tt","/title/tt1034010/?ref_=adv_li_tt","/title/tt0096453/?ref_=adv_li_tt","/title/tt3038142/?ref_=adv_li_tt","/title/tt0286204/?ref_=adv_li_tt","/title/tt2726270/?ref_=adv_li_tt","/title/tt0093974/?ref_=adv_li_tt","/title/tt7475988/?ref_=adv_li_tt","/title/tt0068577/?ref_=adv_li_tt","/title/tt1052024/?ref_=adv_li_tt","/title/tt4641882/?ref_=adv_li_tt","/title/tt5699928/?ref_=adv_li_tt","/title/tt0415679/?ref_=adv_li_tt","/title/tt0279112/?ref_=adv_li_tt","/title/tt6172696/?ref_=adv_li_tt","/title/tt6053472/?ref_=adv_li_tt","/title/tt1979370/?ref_=adv_li_tt","/title/tt2769158/?ref_=adv_li_tt","/title/tt0080596/?ref_=adv_li_tt","/title/tt1764610/?ref_=adv_li_tt","/title/tt0200659/?ref_=adv_li_tt","/title/tt1934458/?ref_=adv_li_tt","/title/tt6224502/?ref_=adv_li_tt","/title/tt6427854/?ref_=adv_li_tt","/title/tt7520570/?ref_=adv_li_tt","/title/tt0069841/?ref_=adv_li_tt","/title/tt0051570/?ref_=adv_li_tt","/title/tt0110916/?ref_=adv_li_tt","/title/tt0073031/?ref_=adv_li_tt","/title/tt4756770/?ref_=adv_li_tt","/title/tt6560164/?ref_=adv_li_tt","/title/tt2071571/?ref_=adv_li_tt","/title/tt0067592/?ref_=adv_li_tt","/title/tt0070078/?ref_=adv_li_tt","/title/tt2924352/?ref_=adv_li_tt","/title/tt1351784/?ref_=adv_li_tt","/title/tt5435072/?ref_=adv_li_tt","/title/tt6648404/?ref_=adv_li_tt","/title/tt1068993/?ref_=adv_li_tt","/title/tt0466662/?ref_=adv_li_tt","/title/tt0077399/?ref_=adv_li_tt","/title/tt5977852/?ref_=adv_li_tt","/title/tt0780593/?ref_=adv_li_tt","/title/tt6029122/?ref_=adv_li_tt","/title/tt0068559/?ref_=adv_li_tt","/title/tt0076295/?ref_=adv_li_tt","/title/tt6182054/?ref_=adv_li_tt","/title/tt0100506/?ref_=adv_li_tt","/title/tt0473553/?ref_=adv_li_tt","/title/tt0050393/?ref_=adv_li_tt","/title/tt4930760/?ref_=adv_li_tt","/title/tt0067055/?ref_=adv_li_tt","/title/tt6664700/?ref_=adv_li_tt","/title/tt0065597/?ref_=adv_li_tt","/title/tt6032704/?ref_=adv_li_tt","/title/tt0057986/?ref_=adv_li_tt","/title/tt5723584/?ref_=adv_li_tt","/title/tt1147687/?ref_=adv_li_tt","/title/tt1376168/?ref_=adv_li_tt","/title/tt0226919/?ref_=adv_li_tt","/title/tt0067924/?ref_=adv_li_tt","/title/tt0367000/?ref_=adv_li_tt","/title/tt0056576/?ref_=adv_li_tt","/title/tt0087592/?ref_=adv_li_tt","/title/tt0100528/?ref_=adv_li_tt","/title/tt7158686/?ref_=adv_li_tt","/title/tt0064393/?ref_=adv_li_tt","/title/tt1620604/?ref_=adv_li_tt","/title/tt3529110/?ref_=adv_li_tt","/title/tt2656588/?ref_=adv_li_tt","/title/tt1355627/?ref_=adv_li_tt","/title/tt0083156/?ref_=adv_li_tt","/title/tt1335986/?ref_=adv_li_tt","/title/tt0091707/?ref_=adv_li_tt","/title/tt0082410/?ref_=adv_li_tt","/title/tt0256007/?ref_=adv_li_tt","/title/tt7664010/?ref_=adv_li_tt","/title/tt0396375/?ref_=adv_li_tt","/title/tt2131579/?ref_=adv_li_tt","/title/tt0337659/?ref_=adv_li_tt","/title/tt1982882/?ref_=adv_li_tt","/title/tt0068369/?ref_=adv_li_tt","/title/tt1411232/?ref_=adv_li_tt","/title/tt0058007/?ref_=adv_li_tt","/title/tt5363736/?ref_=adv_li_tt","/title/tt0053611/?ref_=adv_li_tt","/title/tt1027762/?ref_=adv_li_tt","/title/tt3626214/?ref_=adv_li_tt","/title/tt0059464/?ref_=adv_li_tt","/title/tt0365513/?ref_=adv_li_tt","/title/tt3300492/?ref_=adv_li_tt","/title/tt0157171/?ref_=adv_li_tt","/title/tt4708052/?ref_=adv_li_tt","/title/tt3294732/?ref_=adv_li_tt","/title/tt4078160/?ref_=adv_li_tt","/title/tt0812352/?ref_=adv_li_tt","/title/tt2341664/?ref_=adv_li_tt","/title/tt3814778/?ref_=adv_li_tt","/title/tt2290534/?ref_=adv_li_tt","/title/tt0080853/?ref_=adv_li_tt","/title/tt2579836/?ref_=adv_li_tt","/title/tt0091651/?ref_=adv_li_tt","/title/tt0082806/?ref_=adv_li_tt","/title/tt0096741/?ref_=adv_li_tt","/title/tt1576464/?ref_=adv_li_tt","/title/tt0117128/?ref_=adv_li_tt","/title/tt0074815/?ref_=adv_li_tt","/title/tt0076745/?ref_=adv_li_tt","/title/tt1747967/?ref_=adv_li_tt","/title/tt1488584/?ref_=adv_li_tt","/title/tt0330691/?ref_=adv_li_tt","/title/tt0069754/?ref_=adv_li_tt","/title/tt0050717/?ref_=adv_li_tt","/title/tt1161404/?ref_=adv_li_tt","/title/tt0475298/?ref_=adv_li_tt","/title/tt1587807/?ref_=adv_li_tt","/title/tt1881060/?ref_=adv_li_tt","/title/tt1757776/?ref_=adv_li_tt","/title/tt0059127/?ref_=adv_li_tt","/title/tt2772092/?ref_=adv_li_tt","/title/tt0056347/?ref_=adv_li_tt","/title/tt0103268/?ref_=adv_li_tt","/title/tt3508544/?ref_=adv_li_tt","/title/tt3289080/?ref_=adv_li_tt","/title/tt0089378/?ref_=adv_li_tt","/title/tt0244870/?ref_=adv_li_tt","/title/tt2317412/?ref_=adv_li_tt","/title/tt0092288/?ref_=adv_li_tt","/title/tt5187548/?ref_=adv_li_tt","/title/tt0073327/?ref_=adv_li_tt","/title/tt2061822/?ref_=adv_li_tt","/title/tt0484273/?ref_=adv_li_tt","/title/tt0061398/?ref_=adv_li_tt","/title/tt1876349/?ref_=adv_li_tt","/title/tt4392396/?ref_=adv_li_tt","/title/tt0065744/?ref_=adv_li_tt","/title/tt0088157/?ref_=adv_li_tt","/title/tt0070565/?ref_=adv_li_tt","/title/tt3107252/?ref_=adv_li_tt","/title/tt0120627/?ref_=adv_li_tt","/title/tt0091544/?ref_=adv_li_tt","/title/tt4085238/?ref_=adv_li_tt","/title/tt0067983/?ref_=adv_li_tt","/title/tt0070795/?ref_=adv_li_tt","/title/tt1082599/?ref_=adv_li_tt","/title/tt5335682/?ref_=adv_li_tt","/title/tt5694044/?ref_=adv_li_tt","/title/tt2815922/?ref_=adv_li_tt","/title/tt2425866/?ref_=adv_li_tt","/title/tt2716382/?ref_=adv_li_tt","/title/tt0913951/?ref_=adv_li_tt","/title/tt0101497/?ref_=adv_li_tt","/title/tt0468862/?ref_=adv_li_tt","/title/tt0101309/?ref_=adv_li_tt","/title/tt4301262/?ref_=adv_li_tt","/title/tt0103678/?ref_=adv_li_tt","/title/tt0990406/?ref_=adv_li_tt","/title/tt4490348/?ref_=adv_li_tt","/title/tt6224850/?ref_=adv_li_tt","/title/tt4249580/?ref_=adv_li_tt","/title/tt0412523/?ref_=adv_li_tt","/title/tt0069994/?ref_=adv_li_tt","/title/tt1124048/?ref_=adv_li_tt","/title/tt0817910/?ref_=adv_li_tt","/title/tt1559359/?ref_=adv_li_tt","/title/tt0070297/?ref_=adv_li_tt","/title/tt4490654/?ref_=adv_li_tt","/title/tt1029241/?ref_=adv_li_tt","/title/tt0062957/?ref_=adv_li_tt","/title/tt0922547/?ref_=adv_li_tt","/title/tt4497794/?ref_=adv_li_tt","/title/tt1047490/?ref_=adv_li_tt","/title/tt0026197/?ref_=adv_li_tt","/title/tt0126771/?ref_=adv_li_tt","/title/tt0450326/?ref_=adv_li_tt","/title/tt0090788/?ref_=adv_li_tt","/title/tt3796876/?ref_=adv_li_tt","/title/tt1303902/?ref_=adv_li_tt","/title/tt0100148/?ref_=adv_li_tt","/title/tt1865346/?ref_=adv_li_tt","/title/tt1840388/?ref_=adv_li_tt","/title/tt1307858/?ref_=adv_li_tt","/title/tt1992935/?ref_=adv_li_tt","/title/tt0082279/?ref_=adv_li_tt","/title/tt3506302/?ref_=adv_li_tt","/title/tt0403407/?ref_=adv_li_tt","/title/tt0068448/?ref_=adv_li_tt","/title/tt6131454/?ref_=adv_li_tt","/title/tt0486651/?ref_=adv_li_tt","/title/tt1514425/?ref_=adv_li_tt","/title/tt4924632/?ref_=adv_li_tt","/title/tt4705740/?ref_=adv_li_tt","/title/tt0057078/?ref_=adv_li_tt","/title/tt2367066/?ref_=adv_li_tt","/title/tt5295394/?ref_=adv_li_tt","/title/tt5660206/?ref_=adv_li_tt","/title/tt7646322/?ref_=adv_li_tt","/title/tt0068444/?ref_=adv_li_tt","/title/tt0076665/?ref_=adv_li_tt","/title/tt1308748/?ref_=adv_li_tt","/title/tt0093991/?ref_=adv_li_tt","/title/tt0095454/?ref_=adv_li_tt","/title/tt1869470/?ref_=adv_li_tt","/title/tt7474470/?ref_=adv_li_tt","/title/tt0473696/?ref_=adv_li_tt","/title/tt1341335/?ref_=adv_li_tt","/title/tt5953286/?ref_=adv_li_tt","/title/tt2066123/?ref_=adv_li_tt","/title/tt0065119/?ref_=adv_li_tt","/title/tt0064904/?ref_=adv_li_tt","/title/tt6705640/?ref_=adv_li_tt","/title/tt0050197/?ref_=adv_li_tt","/title/tt0172669/?ref_=adv_li_tt","/title/tt0101591/?ref_=adv_li_tt","/title/tt7657364/?ref_=adv_li_tt","/title/tt2302601/?ref_=adv_li_tt","/title/tt0093833/?ref_=adv_li_tt","/title/tt0068972/?ref_=adv_li_tt","/title/tt0096769/?ref_=adv_li_tt","/title/tt1325723/?ref_=adv_li_tt","/title/tt5798432/?ref_=adv_li_tt","/title/tt3526622/?ref_=adv_li_tt","/title/tt3895554/?ref_=adv_li_tt","/title/tt0915460/?ref_=adv_li_tt","/title/tt5888154/?ref_=adv_li_tt","/title/tt0248644/?ref_=adv_li_tt","/title/tt4716958/?ref_=adv_li_tt","/title/tt1876283/?ref_=adv_li_tt","/title/tt0095740/?ref_=adv_li_tt","/title/tt2396495/?ref_=adv_li_tt","/title/tt2314413/?ref_=adv_li_tt","/title/tt6269060/?ref_=adv_li_tt","/title/tt0068619/?ref_=adv_li_tt","/title/tt1104684/?ref_=adv_li_tt","/title/tt3796108/?ref_=adv_li_tt","/title/tt2446502/?ref_=adv_li_tt","/title/tt0049516/?ref_=adv_li_tt","/title/tt0498311/?ref_=adv_li_tt","/title/tt2246549/?ref_=adv_li_tt","/title/tt2436516/?ref_=adv_li_tt","/title/tt0896927/?ref_=adv_li_tt","/title/tt0087336/?ref_=adv_li_tt","/title/tt0082243/?ref_=adv_li_tt","/title/tt0073461/?ref_=adv_li_tt","/title/tt0435633/?ref_=adv_li_tt","/title/tt0943326/?ref_=adv_li_tt","/title/tt1865503/?ref_=adv_li_tt","/title/tt1087842/?ref_=adv_li_tt","/title/tt4450624/?ref_=adv_li_tt","/title/tt2979366/?ref_=adv_li_tt","/title/tt4763340/?ref_=adv_li_tt","/title/tt2847438/?ref_=adv_li_tt","/title/tt0102452/?ref_=adv_li_tt","/title/tt0062235/?ref_=adv_li_tt","/title/tt0108373/?ref_=adv_li_tt","/title/tt3597108/?ref_=adv_li_tt","/title/tt0072239/?ref_=adv_li_tt","/title/tt0105470/?ref_=adv_li_tt","/title/tt0847520/?ref_=adv_li_tt","/title/tt7694736/?ref_=adv_li_tt","/title/tt0190024/?ref_=adv_li_tt","/title/tt0092671/?ref_=adv_li_tt","/title/tt1912982/?ref_=adv_li_tt","/title/tt0032818/?ref_=adv_li_tt","/title/tt6946580/?ref_=adv_li_tt","/title/tt0068440/?ref_=adv_li_tt","/title/tt0108577/?ref_=adv_li_tt","/title/tt1876261/?ref_=adv_li_tt","/title/tt3783422/?ref_=adv_li_tt","/title/tt1170350/?ref_=adv_li_tt","/title/tt0070537/?ref_=adv_li_tt","/title/tt0843873/?ref_=adv_li_tt","/title/tt1409575/?ref_=adv_li_tt","/title/tt0239969/?ref_=adv_li_tt","/title/tt0086374/?ref_=adv_li_tt","/title/tt0128823/?ref_=adv_li_tt","/title/tt5116248/?ref_=adv_li_tt","/title/tt0059205/?ref_=adv_li_tt","/title/tt1104731/?ref_=adv_li_tt","/title/tt4161438/?ref_=adv_li_tt","/title/tt6853910/?ref_=adv_li_tt","/title/tt3350996/?ref_=adv_li_tt","/title/tt0068994/?ref_=adv_li_tt","/title/tt0047795/?ref_=adv_li_tt","/title/tt0456630/?ref_=adv_li_tt","/title/tt0063633/?ref_=adv_li_tt","/title/tt0067148/?ref_=adv_li_tt","/title/tt0479573/?ref_=adv_li_tt","/title/tt0091539/?ref_=adv_li_tt","/title/tt2240046/?ref_=adv_li_tt","/title/tt0109895/?ref_=adv_li_tt","/title/tt0101256/?ref_=adv_li_tt","/title/tt0089034/?ref_=adv_li_tt","/title/tt2842128/?ref_=adv_li_tt","/title/tt0460943/?ref_=adv_li_tt","/title/tt0194376/?ref_=adv_li_tt","/title/tt0079156/?ref_=adv_li_tt","/title/tt0411806/?ref_=adv_li_tt","/title/tt0106636/?ref_=adv_li_tt","/title/tt0075491/?ref_=adv_li_tt","/title/tt0371572/?ref_=adv_li_tt","/title/tt0096341/?ref_=adv_li_tt","/title/tt6328004/?ref_=adv_li_tt","/title/tt0076825/?ref_=adv_li_tt","/title/tt2027154/?ref_=adv_li_tt","/title/tt0083973/?ref_=adv_li_tt","/title/tt0961119/?ref_=adv_li_tt","/title/tt0065656/?ref_=adv_li_tt","/title/tt0183881/?ref_=adv_li_tt","/title/tt1595588/?ref_=adv_li_tt","/title/tt2301900/?ref_=adv_li_tt","/title/tt0350811/?ref_=adv_li_tt","/title/tt0109275/?ref_=adv_li_tt","/title/tt2385074/?ref_=adv_li_tt","/title/tt0113858/?ref_=adv_li_tt","/title/tt0272412/?ref_=adv_li_tt","/title/tt5581756/?ref_=adv_li_tt","/title/tt3666492/?ref_=adv_li_tt","/title/tt3792330/?ref_=adv_li_tt","/title/tt2811690/?ref_=adv_li_tt","/title/tt4718500/?ref_=adv_li_tt","/title/tt7008778/?ref_=adv_li_tt","/title/tt0083019/?ref_=adv_li_tt","/title/tt0074703/?ref_=adv_li_tt","/title/tt1710900/?ref_=adv_li_tt","/title/tt4443784/?ref_=adv_li_tt","/title/tt0117506/?ref_=adv_li_tt","/title/tt1663222/?ref_=adv_li_tt","/title/tt1146320/?ref_=adv_li_tt","/title/tt0116299/?ref_=adv_li_tt","/title/tt0091902/?ref_=adv_li_tt","/title/tt6158692/?ref_=adv_li_tt","/title/tt0118350/?ref_=adv_li_tt","/title/tt4278346/?ref_=adv_li_tt","/title/tt1029167/?ref_=adv_li_tt","/title/tt0093135/?ref_=adv_li_tt","/title/tt1103256/?ref_=adv_li_tt","/title/tt0054017/?ref_=adv_li_tt","/title/tt0082580/?ref_=adv_li_tt","/title/tt0143016/?ref_=adv_li_tt","/title/tt0350774/?ref_=adv_li_tt","/title/tt2043801/?ref_=adv_li_tt","/title/tt0787495/?ref_=adv_li_tt","/title/tt2210463/?ref_=adv_li_tt","/title/tt0166370/?ref_=adv_li_tt","/title/tt0102709/?ref_=adv_li_tt","/title/tt5457222/?ref_=adv_li_tt","/title/tt0024055/?ref_=adv_li_tt","/title/tt6569546/?ref_=adv_li_tt","/title/tt1407972/?ref_=adv_li_tt","/title/tt0050177/?ref_=adv_li_tt","/title/tt1600701/?ref_=adv_li_tt","/title/tt2564978/?ref_=adv_li_tt","/title/tt0239496/?ref_=adv_li_tt","/title/tt0399934/?ref_=adv_li_tt","/title/tt1185837/?ref_=adv_li_tt","/title/tt0085918/?ref_=adv_li_tt","/title/tt0091192/?ref_=adv_li_tt","/title/tt0061520/?ref_=adv_li_tt","/title/tt0236283/?ref_=adv_li_tt","/title/tt0765487/?ref_=adv_li_tt","/title/tt0060877/?ref_=adv_li_tt","/title/tt1134674/?ref_=adv_li_tt","/title/tt0078203/?ref_=adv_li_tt","/title/tt2567770/?ref_=adv_li_tt","/title/tt0037793/?ref_=adv_li_tt","/title/tt0118063/?ref_=adv_li_tt","/title/tt3484800/?ref_=adv_li_tt","/title/tt0388929/?ref_=adv_li_tt","/title/tt0068390/?ref_=adv_li_tt","/title/tt5273720/?ref_=adv_li_tt","/title/tt1510985/?ref_=adv_li_tt","/title/tt4009734/?ref_=adv_li_tt","/title/tt0411805/?ref_=adv_li_tt","/title/tt1791681/?ref_=adv_li_tt","/title/tt2396436/?ref_=adv_li_tt","/title/tt0076312/?ref_=adv_li_tt","/title/tt0320075/?ref_=adv_li_tt","/title/tt4058122/?ref_=adv_li_tt","/title/tt0466566/?ref_=adv_li_tt","/title/tt0901686/?ref_=adv_li_tt","/title/tt1680138/?ref_=adv_li_tt","/title/tt1090671/?ref_=adv_li_tt","/title/tt5547960/?ref_=adv_li_tt","/title/tt0054988/?ref_=adv_li_tt","/title/tt0095299/?ref_=adv_li_tt","/title/tt0116247/?ref_=adv_li_tt","/title/tt4227392/?ref_=adv_li_tt","/title/tt0105179/?ref_=adv_li_tt","/title/tt6235650/?ref_=adv_li_tt","/title/tt0468820/?ref_=adv_li_tt","/title/tt0225009/?ref_=adv_li_tt","/title/tt4708348/?ref_=adv_li_tt","/title/tt4704918/?ref_=adv_li_tt","/title/tt0102564/?ref_=adv_li_tt","/title/tt4289062/?ref_=adv_li_tt","/title/tt1038011/?ref_=adv_li_tt","/title/tt8075326/?ref_=adv_li_tt","/title/tt1208358/?ref_=adv_li_tt","/title/tt0033660/?ref_=adv_li_tt","/title/tt0423646/?ref_=adv_li_tt","/title/tt4517738/?ref_=adv_li_tt","/title/tt4901756/?ref_=adv_li_tt","/title/tt0167284/?ref_=adv_li_tt","/title/tt0156413/?ref_=adv_li_tt","/title/tt0080007/?ref_=adv_li_tt","/title/tt1261414/?ref_=adv_li_tt","/title/tt1132131/?ref_=adv_li_tt","/title/tt0080527/?ref_=adv_li_tt","/title/tt0308252/?ref_=adv_li_tt","/title/tt0096344/?ref_=adv_li_tt","/title/tt0089122/?ref_=adv_li_tt","/title/tt0417686/?ref_=adv_li_tt","/title/tt4926042/?ref_=adv_li_tt","/title/tt1577883/?ref_=adv_li_tt","/title/tt0073042/?ref_=adv_li_tt","/title/tt0058954/?ref_=adv_li_tt","/title/tt0088816/?ref_=adv_li_tt","/title/tt7193218/?ref_=adv_li_tt","/title/tt0451201/?ref_=adv_li_tt","/title/tt4485128/?ref_=adv_li_tt","/title/tt0105719/?ref_=adv_li_tt","/title/tt2107648/?ref_=adv_li_tt","/title/tt3101132/?ref_=adv_li_tt","/title/tt5661022/?ref_=adv_li_tt","/title/tt4261746/?ref_=adv_li_tt","/title/tt0099143/?ref_=adv_li_tt","/title/tt3807580/?ref_=adv_li_tt","/title/tt0820914/?ref_=adv_li_tt","/title/tt0060457/?ref_=adv_li_tt","/title/tt0113624/?ref_=adv_li_tt","/title/tt0499573/?ref_=adv_li_tt","/title/tt0113296/?ref_=adv_li_tt","/title/tt0072331/?ref_=adv_li_tt","/title/tt2328549/?ref_=adv_li_tt","/title/tt1343103/?ref_=adv_li_tt","/title/tt1781812/?ref_=adv_li_tt","/title/tt0083310/?ref_=adv_li_tt","/title/tt0076644/?ref_=adv_li_tt","/title/tt0242399/?ref_=adv_li_tt","/title/tt0043238/?ref_=adv_li_tt","/title/tt0106436/?ref_=adv_li_tt","/title/tt0086248/?ref_=adv_li_tt","/title/tt1682940/?ref_=adv_li_tt","/title/tt1831806/?ref_=adv_li_tt","/title/tt0097371/?ref_=adv_li_tt","/title/tt0791134/?ref_=adv_li_tt","/title/tt0418627/?ref_=adv_li_tt","/title/tt0109546/?ref_=adv_li_tt","/title/tt4144350/?ref_=adv_li_tt","/title/tt5241508/?ref_=adv_li_tt","/title/tt5829978/?ref_=adv_li_tt","/title/tt0496350/?ref_=adv_li_tt","/title/tt1167675/?ref_=adv_li_tt","/title/tt6267458/?ref_=adv_li_tt","/title/tt0052169/?ref_=adv_li_tt","/title/tt7838536/?ref_=adv_li_tt","/title/tt1506459/?ref_=adv_li_tt","/title/tt3040224/?ref_=adv_li_tt","/title/tt0067245/?ref_=adv_li_tt","/title/tt0073324/?ref_=adv_li_tt","/title/tt0228687/?ref_=adv_li_tt","/title/tt2609218/?ref_=adv_li_tt","/title/tt1533058/?ref_=adv_li_tt","/title/tt1757769/?ref_=adv_li_tt","/title/tt0065851/?ref_=adv_li_tt","/title/tt0027545/?ref_=adv_li_tt","/title/tt0303021/?ref_=adv_li_tt","/title/tt6182078/?ref_=adv_li_tt","/title/tt3138192/?ref_=adv_li_tt","/title/tt1249294/?ref_=adv_li_tt","/title/tt1413527/?ref_=adv_li_tt","/title/tt2313780/?ref_=adv_li_tt","/title/tt4641774/?ref_=adv_li_tt","/title/tt0406754/?ref_=adv_li_tt","/title/tt0086872/?ref_=adv_li_tt","/title/tt0471011/?ref_=adv_li_tt","/title/tt1687889/?ref_=adv_li_tt","/title/tt5256378/?ref_=adv_li_tt","/title/tt0068288/?ref_=adv_li_tt","/title/tt5923752/?ref_=adv_li_tt","/title/tt0130216/?ref_=adv_li_tt","/title/tt0055505/?ref_=adv_li_tt","/title/tt0120805/?ref_=adv_li_tt","/title/tt4540758/?ref_=adv_li_tt","/title/tt1512222/?ref_=adv_li_tt","/title/tt0060893/?ref_=adv_li_tt","/title/tt1947998/?ref_=adv_li_tt","/title/tt0077357/?ref_=adv_li_tt","/title/tt2798456/?ref_=adv_li_tt","/title/tt1845786/?ref_=adv_li_tt","/title/tt2250654/?ref_=adv_li_tt","/title/tt1697062/?ref_=adv_li_tt","/title/tt1260567/?ref_=adv_li_tt","/title/tt0095005/?ref_=adv_li_tt","/title/tt0068967/?ref_=adv_li_tt","/title/tt0161638/?ref_=adv_li_tt","/title/tt2061869/?ref_=adv_li_tt","/title/tt7085842/?ref_=adv_li_tt","/title/tt0061752/?ref_=adv_li_tt","/title/tt3204254/?ref_=adv_li_tt","/title/tt3452674/?ref_=adv_li_tt","/title/tt2953196/?ref_=adv_li_tt","/title/tt0220138/?ref_=adv_li_tt","/title/tt0496375/?ref_=adv_li_tt","/title/tt0105569/?ref_=adv_li_tt","/title/tt1868555/?ref_=adv_li_tt","/title/tt4443974/?ref_=adv_li_tt","/title/tt1504443/?ref_=adv_li_tt","/title/tt4177498/?ref_=adv_li_tt","/title/tt0161849/?ref_=adv_li_tt","/title/tt2991516/?ref_=adv_li_tt","/title/tt0069783/?ref_=adv_li_tt","/title/tt0075343/?ref_=adv_li_tt","/title/tt2325517/?ref_=adv_li_tt","/title/tt6209442/?ref_=adv_li_tt","/title/tt3461252/?ref_=adv_li_tt","/title/tt1305108/?ref_=adv_li_tt","/title/tt1161646/?ref_=adv_li_tt","/title/tt6501434/?ref_=adv_li_tt","/title/tt0072937/?ref_=adv_li_tt","/title/tt3518702/?ref_=adv_li_tt","/title/tt5361596/?ref_=adv_li_tt","/title/tt0066848/?ref_=adv_li_tt","/title/tt0074401/?ref_=adv_li_tt","/title/tt0891520/?ref_=adv_li_tt","/title/tt0481738/?ref_=adv_li_tt","/title/tt0057401/?ref_=adv_li_tt","/title/tt0079631/?ref_=adv_li_tt","/title/tt0077912/?ref_=adv_li_tt","/title/tt1172060/?ref_=adv_li_tt","/title/tt0068414/?ref_=adv_li_tt","/title/tt2006801/?ref_=adv_li_tt","/title/tt3710944/?ref_=adv_li_tt","/title/tt5334390/?ref_=adv_li_tt","/title/tt1298721/?ref_=adv_li_tt","/title/tt7597722/?ref_=adv_li_tt","/title/tt0088772/?ref_=adv_li_tt","/title/tt3980310/?ref_=adv_li_tt","/title/tt0374639/?ref_=adv_li_tt","/title/tt2250282/?ref_=adv_li_tt","/title/tt0323465/?ref_=adv_li_tt","/title/tt0053219/?ref_=adv_li_tt","/title/tt3607814/?ref_=adv_li_tt","/title/tt7829914/?ref_=adv_li_tt","/title/tt5938816/?ref_=adv_li_tt","/title/tt6667676/?ref_=adv_li_tt","/title/tt0451262/?ref_=adv_li_tt","/title/tt0386224/?ref_=adv_li_tt","/title/tt0122837/?ref_=adv_li_tt","/title/tt0068654/?ref_=adv_li_tt","/title/tt7642974/?ref_=adv_li_tt","/title/tt7319494/?ref_=adv_li_tt","/title/tt0069753/?ref_=adv_li_tt","/title/tt0092530/?ref_=adv_li_tt","/title/tt0092006/?ref_=adv_li_tt","/title/tt0782037/?ref_=adv_li_tt","/title/tt0057379/?ref_=adv_li_tt","/title/tt4930242/?ref_=adv_li_tt","/title/tt0082425/?ref_=adv_li_tt","/title/tt0075710/?ref_=adv_li_tt","/title/tt0471561/?ref_=adv_li_tt","/title/tt2358937/?ref_=adv_li_tt","/title/tt0086978/?ref_=adv_li_tt","/title/tt6270640/?ref_=adv_li_tt","/title/tt0062037/?ref_=adv_li_tt","/title/tt2614902/?ref_=adv_li_tt","/title/tt3178590/?ref_=adv_li_tt","/title/tt4919766/?ref_=adv_li_tt","/title/tt4532208/?ref_=adv_li_tt","/title/tt2241403/?ref_=adv_li_tt","/title/tt8010260/?ref_=adv_li_tt","/title/tt0118025/?ref_=adv_li_tt","/title/tt0902290/?ref_=adv_li_tt","/title/tt0206154/?ref_=adv_li_tt","/title/tt2536124/?ref_=adv_li_tt","/title/tt1523584/?ref_=adv_li_tt","/title/tt0064704/?ref_=adv_li_tt","/title/tt3143790/?ref_=adv_li_tt","/title/tt0070547/?ref_=adv_li_tt","/title/tt0093232/?ref_=adv_li_tt","/title/tt3068192/?ref_=adv_li_tt","/title/tt2364997/?ref_=adv_li_tt","/title/tt0094061/?ref_=adv_li_tt","/title/tt0291833/?ref_=adv_li_tt","/title/tt0193879/?ref_=adv_li_tt","/title/tt0080768/?ref_=adv_li_tt","/title/tt1754000/?ref_=adv_li_tt","/title/tt7698642/?ref_=adv_li_tt","/title/tt0070655/?ref_=adv_li_tt","/title/tt0084464/?ref_=adv_li_tt","/title/tt1082109/?ref_=adv_li_tt","/title/tt0229132/?ref_=adv_li_tt","/title/tt3226454/?ref_=adv_li_tt","/title/tt1331291/?ref_=adv_li_tt","/title/tt5173410/?ref_=adv_li_tt","/title/tt0057993/?ref_=adv_li_tt","/title/tt4801352/?ref_=adv_li_tt","/title/tt0235512/?ref_=adv_li_tt","/title/tt1124394/?ref_=adv_li_tt","/title/tt4201990/?ref_=adv_li_tt","/title/tt0059635/?ref_=adv_li_tt","/title/tt0887143/?ref_=adv_li_tt","/title/tt1680051/?ref_=adv_li_tt","/title/tt0112634/?ref_=adv_li_tt","/title/tt0077210/?ref_=adv_li_tt","/title/tt0052530/?ref_=adv_li_tt","/title/tt0094383/?ref_=adv_li_tt","/title/tt0424298/?ref_=adv_li_tt","/title/tt0091338/?ref_=adv_li_tt","/title/tt7086410/?ref_=adv_li_tt","/title/tt2091455/?ref_=adv_li_tt","/title/tt1863201/?ref_=adv_li_tt","/title/tt0100665/?ref_=adv_li_tt","/title/tt0084096/?ref_=adv_li_tt","/title/tt1956655/?ref_=adv_li_tt","/title/tt0162930/?ref_=adv_li_tt","/title/tt0054768/?ref_=adv_li_tt","/title/tt0907301/?ref_=adv_li_tt","/title/tt2872810/?ref_=adv_li_tt","/title/tt0073338/?ref_=adv_li_tt","/title/tt0066982/?ref_=adv_li_tt","/title/tt2488366/?ref_=adv_li_tt","/title/tt1491603/?ref_=adv_li_tt","/title/tt2060525/?ref_=adv_li_tt","/title/tt3382842/?ref_=adv_li_tt","/title/tt8036910/?ref_=adv_li_tt","/title/tt6525978/?ref_=adv_li_tt","/title/tt2545384/?ref_=adv_li_tt","/title/tt0097938/?ref_=adv_li_tt","/title/tt7612938/?ref_=adv_li_tt","/title/tt1216489/?ref_=adv_li_tt","/title/tt5759188/?ref_=adv_li_tt","/title/tt4653818/?ref_=adv_li_tt","/title/tt0068005/?ref_=adv_li_tt","/title/tt0342508/?ref_=adv_li_tt","/title/tt0132451/?ref_=adv_li_tt","/title/tt1753941/?ref_=adv_li_tt","/title/tt0036104/?ref_=adv_li_tt","/title/tt1637728/?ref_=adv_li_tt","/title/tt0074829/?ref_=adv_li_tt","/title/tt0451187/?ref_=adv_li_tt","/title/tt2132405/?ref_=adv_li_tt","/title/tt1976629/?ref_=adv_li_tt","/title/tt1064953/?ref_=adv_li_tt","/title/tt0974536/?ref_=adv_li_tt","/title/tt0055230/?ref_=adv_li_tt","/title/tt0111216/?ref_=adv_li_tt","/title/tt0907681/?ref_=adv_li_tt","/title/tt0064310/?ref_=adv_li_tt","/title/tt2570414/?ref_=adv_li_tt","/title/tt1608368/?ref_=adv_li_tt","/title/tt0064338/?ref_=adv_li_tt","/title/tt8108202/?ref_=adv_li_tt","/title/tt3899706/?ref_=adv_li_tt","/title/tt2301276/?ref_=adv_li_tt","/title/tt0187251/?ref_=adv_li_tt","/title/tt6357202/?ref_=adv_li_tt","/title/tt6413278/?ref_=adv_li_tt","/title/tt1896726/?ref_=adv_li_tt","/title/tt3745662/?ref_=adv_li_tt","/title/tt1716753/?ref_=adv_li_tt","/title/tt0302327/?ref_=adv_li_tt","/title/tt2189256/?ref_=adv_li_tt","/title/tt3184720/?ref_=adv_li_tt","/title/tt0085951/?ref_=adv_li_tt","/title/tt0491145/?ref_=adv_li_tt","/title/tt1870527/?ref_=adv_li_tt","/title/tt1468829/?ref_=adv_li_tt","/title/tt2914740/?ref_=adv_li_tt","/title/tt5113926/?ref_=adv_li_tt","/title/tt1056036/?ref_=adv_li_tt","/title/tt2609326/?ref_=adv_li_tt","/title/tt7635226/?ref_=adv_li_tt","/title/tt0072136/?ref_=adv_li_tt","/title/tt2396429/?ref_=adv_li_tt","/title/tt3187682/?ref_=adv_li_tt","/title/tt4817640/?ref_=adv_li_tt","/title/tt0099496/?ref_=adv_li_tt","/title/tt0094320/?ref_=adv_li_tt","/title/tt4175888/?ref_=adv_li_tt","/title/tt2290709/?ref_=adv_li_tt","/title/tt0017048/?ref_=adv_li_tt","/title/tt6011480/?ref_=adv_li_tt","/title/tt2404519/?ref_=adv_li_tt","/title/tt3854104/?ref_=adv_li_tt","/title/tt0179458/?ref_=adv_li_tt","/title/tt2028457/?ref_=adv_li_tt","/title/tt0087480/?ref_=adv_li_tt","/title/tt0459392/?ref_=adv_li_tt","/title/tt4126382/?ref_=adv_li_tt","/title/tt0478126/?ref_=adv_li_tt","/title/tt3950908/?ref_=adv_li_tt","/title/tt4033926/?ref_=adv_li_tt","/title/tt2776704/?ref_=adv_li_tt","/title/tt4185566/?ref_=adv_li_tt","/title/tt7890408/?ref_=adv_li_tt","/title/tt1857842/?ref_=adv_li_tt","/title/tt0122143/?ref_=adv_li_tt","/title/tt5610746/?ref_=adv_li_tt","/title/tt0904049/?ref_=adv_li_tt","/title/tt2155391/?ref_=adv_li_tt","/title/tt0247095/?ref_=adv_li_tt","/title/tt2513864/?ref_=adv_li_tt","/title/tt0071938/?ref_=adv_li_tt","/title/tt0031143/?ref_=adv_li_tt","/title/tt0810644/?ref_=adv_li_tt","/title/tt6506146/?ref_=adv_li_tt","/title/tt0075679/?ref_=adv_li_tt","/title/tt6710842/?ref_=adv_li_tt","/title/tt1545315/?ref_=adv_li_tt","/title/tt0050294/?ref_=adv_li_tt","/title/tt0086176/?ref_=adv_li_tt","/title/tt1176095/?ref_=adv_li_tt","/title/tt0059920/?ref_=adv_li_tt","/title/tt0098909/?ref_=adv_li_tt","/title/tt3946300/?ref_=adv_li_tt","/title/tt0109550/?ref_=adv_li_tt","/title/tt0488477/?ref_=adv_li_tt","/title/tt0062082/?ref_=adv_li_tt","/title/tt1618372/?ref_=adv_li_tt","/title/tt1075746/?ref_=adv_li_tt","/title/tt0368925/?ref_=adv_li_tt","/title/tt4045450/?ref_=adv_li_tt","/title/tt0078062/?ref_=adv_li_tt","/title/tt0494199/?ref_=adv_li_tt","/title/tt7651284/?ref_=adv_li_tt","/title/tt0790590/?ref_=adv_li_tt","/title/tt0100917/?ref_=adv_li_tt","/title/tt0058307/?ref_=adv_li_tt","/title/tt0116073/?ref_=adv_li_tt","/title/tt0116897/?ref_=adv_li_tt","/title/tt0064048/?ref_=adv_li_tt","/title/tt0075113/?ref_=adv_li_tt","/title/tt1274273/?ref_=adv_li_tt","/title/tt0839880/?ref_=adv_li_tt","/title/tt7724418/?ref_=adv_li_tt","/title/tt2140671/?ref_=adv_li_tt","/title/tt0222355/?ref_=adv_li_tt","/title/tt2968136/?ref_=adv_li_tt","/title/tt0056993/?ref_=adv_li_tt","/title/tt1047449/?ref_=adv_li_tt","/title/tt4080386/?ref_=adv_li_tt","/title/tt3383214/?ref_=adv_li_tt","/title/tt2222430/?ref_=adv_li_tt","/title/tt5647758/?ref_=adv_li_tt","/title/tt2087720/?ref_=adv_li_tt","/title/tt0832446/?ref_=adv_li_tt","/title/tt0099368/?ref_=adv_li_tt","/title/tt0101502/?ref_=adv_li_tt","/title/tt0100589/?ref_=adv_li_tt","/title/tt2991532/?ref_=adv_li_tt","/title/tt1600429/?ref_=adv_li_tt","/title/tt0090322/?ref_=adv_li_tt","/title/tt0960066/?ref_=adv_li_tt","/title/tt0091671/?ref_=adv_li_tt","/title/tt3715254/?ref_=adv_li_tt","/title/tt0489286/?ref_=adv_li_tt","/title/tt0323974/?ref_=adv_li_tt","/title/tt0110410/?ref_=adv_li_tt","/title/tt0069047/?ref_=adv_li_tt","/title/tt0084735/?ref_=adv_li_tt","/title/tt3560742/?ref_=adv_li_tt","/title/tt0282418/?ref_=adv_li_tt","/title/tt0067491/?ref_=adv_li_tt","/title/tt4708346/?ref_=adv_li_tt","/title/tt5234428/?ref_=adv_li_tt","/title/tt0070116/?ref_=adv_li_tt","/title/tt0326662/?ref_=adv_li_tt","/title/tt0079855/?ref_=adv_li_tt","/title/tt0791163/?ref_=adv_li_tt","/title/tt0077450/?ref_=adv_li_tt","/title/tt0097498/?ref_=adv_li_tt","/title/tt0375100/?ref_=adv_li_tt","/title/tt6126492/?ref_=adv_li_tt","/title/tt0106980/?ref_=adv_li_tt","/title/tt4906164/?ref_=adv_li_tt","/title/tt2589362/?ref_=adv_li_tt","/title/tt0790816/?ref_=adv_li_tt","/title/tt0097455/?ref_=adv_li_tt","/title/tt0188503/?ref_=adv_li_tt","/title/tt1684915/?ref_=adv_li_tt","/title/tt2449810/?ref_=adv_li_tt","/title/tt6839686/?ref_=adv_li_tt","/title/tt7029854/?ref_=adv_li_tt","/title/tt4497238/?ref_=adv_li_tt","/title/tt0118426/?ref_=adv_li_tt","/title/tt0495692/?ref_=adv_li_tt","/title/tt4584814/?ref_=adv_li_tt","/title/tt4128382/?ref_=adv_li_tt","/title/tt0068658/?ref_=adv_li_tt","/title/tt2106675/?ref_=adv_li_tt","/title/tt4296556/?ref_=adv_li_tt","/title/tt2015261/?ref_=adv_li_tt","/title/tt2931376/?ref_=adv_li_tt","/title/tt0051756/?ref_=adv_li_tt","/title/tt0096785/?ref_=adv_li_tt","/title/tt4586114/?ref_=adv_li_tt","/title/tt1709173/?ref_=adv_li_tt","/title/tt0017739/?ref_=adv_li_tt","/title/tt0075035/?ref_=adv_li_tt","/title/tt0470993/?ref_=adv_li_tt","/title/tt0097263/?ref_=adv_li_tt","/title/tt3500724/?ref_=adv_li_tt","/title/tt0088766/?ref_=adv_li_tt","/title/tt1934452/?ref_=adv_li_tt","/title/tt1538534/?ref_=adv_li_tt","/title/tt1034306/?ref_=adv_li_tt","/title/tt0359398/?ref_=adv_li_tt","/title/tt0257510/?ref_=adv_li_tt","/title/tt3956872/?ref_=adv_li_tt","/title/tt7716770/?ref_=adv_li_tt","/title/tt0068716/?ref_=adv_li_tt","/title/tt0096246/?ref_=adv_li_tt","/title/tt0035096/?ref_=adv_li_tt","/title/tt0235751/?ref_=adv_li_tt","/title/tt0078343/?ref_=adv_li_tt","/title/tt0119975/?ref_=adv_li_tt","/title/tt0092972/?ref_=adv_li_tt","/title/tt0060097/?ref_=adv_li_tt","/title/tt2070604/?ref_=adv_li_tt","/title/tt2397573/?ref_=adv_li_tt","/title/tt4032214/?ref_=adv_li_tt","/title/tt0286078/?ref_=adv_li_tt","/title/tt0356159/?ref_=adv_li_tt","/title/tt0273259/?ref_=adv_li_tt","/title/tt0059727/?ref_=adv_li_tt","/title/tt0390450/?ref_=adv_li_tt","/title/tt0419663/?ref_=adv_li_tt","/title/tt3398788/?ref_=adv_li_tt","/title/tt6079304/?ref_=adv_li_tt","/title/tt0328945/?ref_=adv_li_tt","/title/tt2151543/?ref_=adv_li_tt","/title/tt0046057/?ref_=adv_li_tt","/title/tt0081415/?ref_=adv_li_tt","/title/tt3646592/?ref_=adv_li_tt","/title/tt0299022/?ref_=adv_li_tt","/title/tt0419280/?ref_=adv_li_tt","/title/tt3231390/?ref_=adv_li_tt","/title/tt0100623/?ref_=adv_li_tt","/title/tt3951206/?ref_=adv_li_tt","/title/tt6042392/?ref_=adv_li_tt","/title/tt0464799/?ref_=adv_li_tt","/title/tt1939686/?ref_=adv_li_tt","/title/tt5719076/?ref_=adv_li_tt","/title/tt0914799/?ref_=adv_li_tt","/title/tt6706616/?ref_=adv_li_tt","/title/tt1093906/?ref_=adv_li_tt","/title/tt1691020/?ref_=adv_li_tt","/title/tt0087282/?ref_=adv_li_tt","/title/tt0084796/?ref_=adv_li_tt","/title/tt2352722/?ref_=adv_li_tt","/title/tt0167752/?ref_=adv_li_tt","/title/tt1866251/?ref_=adv_li_tt","/title/tt0365289/?ref_=adv_li_tt","/title/tt0055153/?ref_=adv_li_tt","/title/tt0088912/?ref_=adv_li_tt","/title/tt0460883/?ref_=adv_li_tt","/title/tt0059504/?ref_=adv_li_tt","/title/tt0050414/?ref_=adv_li_tt","/title/tt1064801/?ref_=adv_li_tt","/title/tt1285240/?ref_=adv_li_tt","/title/tt3139764/?ref_=adv_li_tt","/title/tt0073655/?ref_=adv_li_tt","/title/tt0056931/?ref_=adv_li_tt","/title/tt0085442/?ref_=adv_li_tt","/title/tt4010862/?ref_=adv_li_tt","/title/tt6866548/?ref_=adv_li_tt","/title/tt1362103/?ref_=adv_li_tt","/title/tt2392846/?ref_=adv_li_tt","/title/tt6114940/?ref_=adv_li_tt","/title/tt0059311/?ref_=adv_li_tt","/title/tt4765240/?ref_=adv_li_tt","/title/tt2088923/?ref_=adv_li_tt","/title/tt2369305/?ref_=adv_li_tt","/title/tt1754215/?ref_=adv_li_tt","/title/tt0057970/?ref_=adv_li_tt","/title/tt0288355/?ref_=adv_li_tt","/title/tt1203517/?ref_=adv_li_tt","/title/tt5871318/?ref_=adv_li_tt","/title/tt1180174/?ref_=adv_li_tt","/title/tt1937329/?ref_=adv_li_tt","/title/tt2901896/?ref_=adv_li_tt","/title/tt0756222/?ref_=adv_li_tt","/title/tt0235712/?ref_=adv_li_tt","/title/tt3188614/?ref_=adv_li_tt","/title/tt4269118/?ref_=adv_li_tt","/title/tt0164192/?ref_=adv_li_tt","/title/tt0080764/?ref_=adv_li_tt","/title/tt0066955/?ref_=adv_li_tt","/title/tt6956566/?ref_=adv_li_tt","/title/tt3448072/?ref_=adv_li_tt","/title/tt0074729/?ref_=adv_li_tt","/title/tt0863080/?ref_=adv_li_tt","/title/tt0049782/?ref_=adv_li_tt","/title/tt2577470/?ref_=adv_li_tt","/title/tt5457570/?ref_=adv_li_tt","/title/tt0083144/?ref_=adv_li_tt","/title/tt0109442/?ref_=adv_li_tt","/title/tt0783501/?ref_=adv_li_tt","/title/tt2583620/?ref_=adv_li_tt","/title/tt0272425/?ref_=adv_li_tt","/title/tt0834102/?ref_=adv_li_tt","/title/tt1486191/?ref_=adv_li_tt","/title/tt1090360/?ref_=adv_li_tt","/title/tt0318040/?ref_=adv_li_tt","/title/tt2141777/?ref_=adv_li_tt","/title/tt0049128/?ref_=adv_li_tt","/title/tt2147319/?ref_=adv_li_tt","/title/tt3963640/?ref_=adv_li_tt","/title/tt1159984/?ref_=adv_li_tt","/title/tt0052549/?ref_=adv_li_tt","/title/tt7043070/?ref_=adv_li_tt","/title/tt0053890/?ref_=adv_li_tt","/title/tt1206881/?ref_=adv_li_tt","/title/tt0901504/?ref_=adv_li_tt","/title/tt0078797/?ref_=adv_li_tt","/title/tt0083034/?ref_=adv_li_tt","/title/tt0077735/?ref_=adv_li_tt","/title/tt0043964/?ref_=adv_li_tt","/title/tt1160317/?ref_=adv_li_tt","/title/tt2356500/?ref_=adv_li_tt","/title/tt4145350/?ref_=adv_li_tt","/title/tt1740476/?ref_=adv_li_tt","/title/tt5725894/?ref_=adv_li_tt","/title/tt3452322/?ref_=adv_li_tt","/title/tt7069178/?ref_=adv_li_tt","/title/tt0098014/?ref_=adv_li_tt","/title/tt0255198/?ref_=adv_li_tt","/title/tt0054901/?ref_=adv_li_tt","/title/tt0323630/?ref_=adv_li_tt","/title/tt0070119/?ref_=adv_li_tt","/title/tt0244452/?ref_=adv_li_tt","/title/tt0319728/?ref_=adv_li_tt","/title/tt3387520/?ref_=adv_li_tt","/title/tt1111831/?ref_=adv_li_tt","/title/tt0988043/?ref_=adv_li_tt","/title/tt6581990/?ref_=adv_li_tt","/title/tt1297943/?ref_=adv_li_tt","/title/tt4437262/?ref_=adv_li_tt","/title/tt0382856/?ref_=adv_li_tt","/title/tt0493451/?ref_=adv_li_tt","/title/tt1209317/?ref_=adv_li_tt","/title/tt1307057/?ref_=adv_li_tt","/title/tt0073367/?ref_=adv_li_tt","/title/tt3176980/?ref_=adv_li_tt","/title/tt1838618/?ref_=adv_li_tt","/title/tt3085500/?ref_=adv_li_tt","/title/tt0445061/?ref_=adv_li_tt","/title/tt2014554/?ref_=adv_li_tt","/title/tt0065594/?ref_=adv_li_tt","/title/tt3742300/?ref_=adv_li_tt","/title/tt5742304/?ref_=adv_li_tt","/title/tt0157713/?ref_=adv_li_tt","/title/tt0339385/?ref_=adv_li_tt","/title/tt0049967/?ref_=adv_li_tt","/title/tt0425150/?ref_=adv_li_tt","/title/tt0817228/?ref_=adv_li_tt","/title/tt1191971/?ref_=adv_li_tt","/title/tt0940723/?ref_=adv_li_tt","/title/tt1591504/?ref_=adv_li_tt","/title/tt0223597/?ref_=adv_li_tt","/title/tt6089358/?ref_=adv_li_tt","/title/tt1068953/?ref_=adv_li_tt","/title/tt1562928/?ref_=adv_li_tt","/title/tt4523928/?ref_=adv_li_tt","/title/tt1686328/?ref_=adv_li_tt","/title/tt2284754/?ref_=adv_li_tt","/title/tt1601475/?ref_=adv_li_tt","/title/tt3111516/?ref_=adv_li_tt","/title/tt0097534/?ref_=adv_li_tt","/title/tt1622991/?ref_=adv_li_tt","/title/tt4945978/?ref_=adv_li_tt","/title/tt0084357/?ref_=adv_li_tt","/title/tt7932490/?ref_=adv_li_tt","/title/tt1560978/?ref_=adv_li_tt","/title/tt1034305/?ref_=adv_li_tt","/title/tt4204450/?ref_=adv_li_tt","/title/tt0100975/?ref_=adv_li_tt","/title/tt2188717/?ref_=adv_li_tt","/title/tt0064939/?ref_=adv_li_tt","/title/tt0431340/?ref_=adv_li_tt","/title/tt3619414/?ref_=adv_li_tt","/title/tt5194048/?ref_=adv_li_tt","/title/tt0058208/?ref_=adv_li_tt","/title/tt0093840/?ref_=adv_li_tt","/title/tt0858437/?ref_=adv_li_tt","/title/tt3547900/?ref_=adv_li_tt","/title/tt2065945/?ref_=adv_li_tt","/title/tt0061826/?ref_=adv_li_tt","/title/tt2608340/?ref_=adv_li_tt","/title/tt0065855/?ref_=adv_li_tt","/title/tt2443022/?ref_=adv_li_tt","/title/tt0053041/?ref_=adv_li_tt","/title/tt0082257/?ref_=adv_li_tt","/title/tt0896816/?ref_=adv_li_tt","/title/tt0217679/?ref_=adv_li_tt","/title/tt3034146/?ref_=adv_li_tt","/title/tt7238340/?ref_=adv_li_tt","/title/tt0072867/?ref_=adv_li_tt","/title/tt0075882/?ref_=adv_li_tt","/title/tt0373653/?ref_=adv_li_tt","/title/tt0056040/?ref_=adv_li_tt","/title/tt0102848/?ref_=adv_li_tt","/title/tt0405024/?ref_=adv_li_tt","/title/tt0147310/?ref_=adv_li_tt","/title/tt0066958/?ref_=adv_li_tt","/title/tt0493211/?ref_=adv_li_tt","/title/tt2175535/?ref_=adv_li_tt","/title/tt3242756/?ref_=adv_li_tt","/title/tt0092122/?ref_=adv_li_tt","/title/tt2381962/?ref_=adv_li_tt","/title/tt0064443/?ref_=adv_li_tt","/title/tt7420408/?ref_=adv_li_tt","/title/tt0197750/?ref_=adv_li_tt","/title/tt0032635/?ref_=adv_li_tt","/title/tt2878716/?ref_=adv_li_tt","/title/tt1241018/?ref_=adv_li_tt","/title/tt0061765/?ref_=adv_li_tt","/title/tt1592503/?ref_=adv_li_tt","/title/tt7657698/?ref_=adv_li_tt","/title/tt2909124/?ref_=adv_li_tt","/title/tt0043255/?ref_=adv_li_tt","/title/tt2332831/?ref_=adv_li_tt","/title/tt1543459/?ref_=adv_li_tt","/title/tt0169416/?ref_=adv_li_tt","/title/tt0922642/?ref_=adv_li_tt","/title/tt0071095/?ref_=adv_li_tt","/title/tt4780846/?ref_=adv_li_tt","/title/tt0096340/?ref_=adv_li_tt","/title/tt2543202/?ref_=adv_li_tt","/title/tt7846192/?ref_=adv_li_tt","/title/tt0307109/?ref_=adv_li_tt","/title/tt6081670/?ref_=adv_li_tt","/title/tt1781947/?ref_=adv_li_tt","/title/tt6044276/?ref_=adv_li_tt","/title/tt3522198/?ref_=adv_li_tt","/title/tt0100247/?ref_=adv_li_tt","/title/tt2317484/?ref_=adv_li_tt","/title/tt7221066/?ref_=adv_li_tt","/title/tt0930902/?ref_=adv_li_tt","/title/tt1581336/?ref_=adv_li_tt","/title/tt0251806/?ref_=adv_li_tt","/title/tt1226752/?ref_=adv_li_tt","/title/tt0100172/?ref_=adv_li_tt","/title/tt2240312/?ref_=adv_li_tt","/title/tt0071523/?ref_=adv_li_tt","/title/tt0078936/?ref_=adv_li_tt","/title/tt3111906/?ref_=adv_li_tt","/title/tt2181298/?ref_=adv_li_tt","/title/tt0416282/?ref_=adv_li_tt","/title/tt0051128/?ref_=adv_li_tt","/title/tt0076478/?ref_=adv_li_tt","/title/tt0385405/?ref_=adv_li_tt","/title/tt0081459/?ref_=adv_li_tt","/title/tt3527772/?ref_=adv_li_tt","/title/tt0460435/?ref_=adv_li_tt","/title/tt3204948/?ref_=adv_li_tt","/title/tt1101009/?ref_=adv_li_tt","/title/tt0069715/?ref_=adv_li_tt","/title/tt7428942/?ref_=adv_li_tt","/title/tt0047033/?ref_=adv_li_tt","/title/tt7784694/?ref_=adv_li_tt","/title/tt0457319/?ref_=adv_li_tt","/title/tt0092910/?ref_=adv_li_tt","/title/tt1572194/?ref_=adv_li_tt","/title/tt1667133/?ref_=adv_li_tt","/title/tt0092830/?ref_=adv_li_tt","/title/tt0225458/?ref_=adv_li_tt","/title/tt1270290/?ref_=adv_li_tt","/title/tt0217086/?ref_=adv_li_tt","/title/tt0071413/?ref_=adv_li_tt","/title/tt0363143/?ref_=adv_li_tt","/title/tt0435770/?ref_=adv_li_tt","/title/tt0486028/?ref_=adv_li_tt","/title/tt1745740/?ref_=adv_li_tt","/title/tt6280328/?ref_=adv_li_tt","/title/tt0070628/?ref_=adv_li_tt","/title/tt0079207/?ref_=adv_li_tt","/title/tt0859601/?ref_=adv_li_tt","/title/tt0790662/?ref_=adv_li_tt","/title/tt0031503/?ref_=adv_li_tt","/title/tt0860516/?ref_=adv_li_tt","/title/tt2134101/?ref_=adv_li_tt","/title/tt0971183/?ref_=adv_li_tt","/title/tt0472099/?ref_=adv_li_tt","/title/tt2242176/?ref_=adv_li_tt","/title/tt0454457/?ref_=adv_li_tt","/title/tt0486544/?ref_=adv_li_tt","/title/tt3470656/?ref_=adv_li_tt","/title/tt2093044/?ref_=adv_li_tt","/title/tt0069186/?ref_=adv_li_tt","/title/tt0080362/?ref_=adv_li_tt","/title/tt0445972/?ref_=adv_li_tt","/title/tt2063782/?ref_=adv_li_tt","/title/tt0064687/?ref_=adv_li_tt","/title/tt2072029/?ref_=adv_li_tt","/title/tt0339968/?ref_=adv_li_tt","/title/tt0067631/?ref_=adv_li_tt","/title/tt0810895/?ref_=adv_li_tt","/title/tt0454839/?ref_=adv_li_tt","/title/tt0869152/?ref_=adv_li_tt","/title/tt0078055/?ref_=adv_li_tt","/title/tt5022680/?ref_=adv_li_tt","/title/tt0077332/?ref_=adv_li_tt","/title/tt1741689/?ref_=adv_li_tt","/title/tt2018130/?ref_=adv_li_tt","/title/tt1653913/?ref_=adv_li_tt","/title/tt7073518/?ref_=adv_li_tt","/title/tt1065060/?ref_=adv_li_tt","/title/tt0098662/?ref_=adv_li_tt","/title/tt0065794/?ref_=adv_li_tt","/title/tt0281445/?ref_=adv_li_tt","/title/tt1120945/?ref_=adv_li_tt","/title/tt0108223/?ref_=adv_li_tt","/title/tt0064747/?ref_=adv_li_tt","/title/tt0076798/?ref_=adv_li_tt","/title/tt0479199/?ref_=adv_li_tt","/title/tt0350232/?ref_=adv_li_tt","/title/tt0080802/?ref_=adv_li_tt","/title/tt0139421/?ref_=adv_li_tt","/title/tt4594286/?ref_=adv_li_tt","/title/tt3237154/?ref_=adv_li_tt","/title/tt1309374/?ref_=adv_li_tt","/title/tt1122836/?ref_=adv_li_tt","/title/tt0054850/?ref_=adv_li_tt","/title/tt0110875/?ref_=adv_li_tt","/title/tt4319842/?ref_=adv_li_tt","/title/tt6073558/?ref_=adv_li_tt","/title/tt0175621/?ref_=adv_li_tt","/title/tt0820111/?ref_=adv_li_tt","/title/tt0312209/?ref_=adv_li_tt","/title/tt3653650/?ref_=adv_li_tt","/title/tt1129415/?ref_=adv_li_tt","/title/tt0056606/?ref_=adv_li_tt","/title/tt1865393/?ref_=adv_li_tt","/title/tt0958611/?ref_=adv_li_tt","/title/tt3877590/?ref_=adv_li_tt","/title/tt6987760/?ref_=adv_li_tt","/title/tt3058674/?ref_=adv_li_tt","/title/tt0028478/?ref_=adv_li_tt","/title/tt0117966/?ref_=adv_li_tt","/title/tt0233289/?ref_=adv_li_tt","/title/tt1832447/?ref_=adv_li_tt","/title/tt4765338/?ref_=adv_li_tt","/title/tt0074434/?ref_=adv_li_tt","/title/tt2303110/?ref_=adv_li_tt","/title/tt0095900/?ref_=adv_li_tt","/title/tt4909602/?ref_=adv_li_tt","/title/tt1930308/?ref_=adv_li_tt","/title/tt0084182/?ref_=adv_li_tt","/title/tt0071200/?ref_=adv_li_tt","/title/tt2248835/?ref_=adv_li_tt","/title/tt2061039/?ref_=adv_li_tt","/title/tt3402594/?ref_=adv_li_tt","/title/tt1602617/?ref_=adv_li_tt","/title/tt0109302/?ref_=adv_li_tt","/title/tt6355580/?ref_=adv_li_tt","/title/tt0051947/?ref_=adv_li_tt","/title/tt3830574/?ref_=adv_li_tt","/title/tt0140581/?ref_=adv_li_tt","/title/tt0074845/?ref_=adv_li_tt","/title/tt3552316/?ref_=adv_li_tt","/title/tt4290746/?ref_=adv_li_tt","/title/tt5936582/?ref_=adv_li_tt","/title/tt1776088/?ref_=adv_li_tt","/title/tt0071198/?ref_=adv_li_tt","/title/tt1650042/?ref_=adv_li_tt","/title/tt7906414/?ref_=adv_li_tt","/title/tt0324242/?ref_=adv_li_tt","/title/tt0478303/?ref_=adv_li_tt","/title/tt0070066/?ref_=adv_li_tt","/title/tt3700822/?ref_=adv_li_tt","/title/tt0099704/?ref_=adv_li_tt","/title/tt0091990/?ref_=adv_li_tt","/title/tt7799654/?ref_=adv_li_tt","/title/tt0260077/?ref_=adv_li_tt","/title/tt2076223/?ref_=adv_li_tt","/title/tt0070003/?ref_=adv_li_tt","/title/tt2002632/?ref_=adv_li_tt","/title/tt0082744/?ref_=adv_li_tt","/title/tt1861343/?ref_=adv_li_tt","/title/tt0077800/?ref_=adv_li_tt","/title/tt2408566/?ref_=adv_li_tt","/title/tt1777612/?ref_=adv_li_tt","/title/tt1573485/?ref_=adv_li_tt","/title/tt1308169/?ref_=adv_li_tt","/title/tt4241824/?ref_=adv_li_tt","/title/tt0371922/?ref_=adv_li_tt","/title/tt3109830/?ref_=adv_li_tt","/title/tt7693644/?ref_=adv_li_tt","/title/tt4248930/?ref_=adv_li_tt","/title/tt1667418/?ref_=adv_li_tt","/title/tt4829262/?ref_=adv_li_tt","/title/tt0081027/?ref_=adv_li_tt","/title/tt4371276/?ref_=adv_li_tt","/title/tt0341266/?ref_=adv_li_tt","/title/tt6295898/?ref_=adv_li_tt","/title/tt2498618/?ref_=adv_li_tt","/title/tt1504467/?ref_=adv_li_tt","/title/tt0222817/?ref_=adv_li_tt","/title/tt1038971/?ref_=adv_li_tt","/title/tt0070770/?ref_=adv_li_tt","/title/tt7288442/?ref_=adv_li_tt","/title/tt1687878/?ref_=adv_li_tt","/title/tt0463935/?ref_=adv_li_tt","/title/tt2214941/?ref_=adv_li_tt","/title/tt4895910/?ref_=adv_li_tt","/title/tt0300485/?ref_=adv_li_tt","/title/tt4820312/?ref_=adv_li_tt","/title/tt2504580/?ref_=adv_li_tt","/title/tt7304192/?ref_=adv_li_tt","/title/tt7094912/?ref_=adv_li_tt","/title/tt3820128/?ref_=adv_li_tt","/title/tt0083976/?ref_=adv_li_tt","/title/tt0103743/?ref_=adv_li_tt","/title/tt0984118/?ref_=adv_li_tt","/title/tt1683970/?ref_=adv_li_tt","/title/tt1454909/?ref_=adv_li_tt","/title/tt2348394/?ref_=adv_li_tt","/title/tt1080767/?ref_=adv_li_tt","/title/tt2945892/?ref_=adv_li_tt","/title/tt0086636/?ref_=adv_li_tt","/title/tt7476438/?ref_=adv_li_tt","/title/tt1979309/?ref_=adv_li_tt","/title/tt0365658/?ref_=adv_li_tt","/title/tt0099235/?ref_=adv_li_tt","/title/tt0876294/?ref_=adv_li_tt","/title/tt8141808/?ref_=adv_li_tt","/title/tt1617145/?ref_=adv_li_tt","/title/tt0207701/?ref_=adv_li_tt","/title/tt0262973/?ref_=adv_li_tt","/title/tt2842938/?ref_=adv_li_tt","/title/tt0067757/?ref_=adv_li_tt","/title/tt0072184/?ref_=adv_li_tt","/title/tt0022454/?ref_=adv_li_tt","/title/tt0056219/?ref_=adv_li_tt","/title/tt0162211/?ref_=adv_li_tt","/title/tt7545216/?ref_=adv_li_tt","/title/tt0235393/?ref_=adv_li_tt","/title/tt3231096/?ref_=adv_li_tt","/title/tt4820296/?ref_=adv_li_tt","/title/tt2523096/?ref_=adv_li_tt","/title/tt6094992/?ref_=adv_li_tt","/title/tt2803784/?ref_=adv_li_tt","/title/tt0065727/?ref_=adv_li_tt","/title/tt4028134/?ref_=adv_li_tt","/title/tt0099743/?ref_=adv_li_tt","/title/tt0923824/?ref_=adv_li_tt","/title/tt7406430/?ref_=adv_li_tt","/title/tt0041085/?ref_=adv_li_tt","/title/tt3654680/?ref_=adv_li_tt","/title/tt0065700/?ref_=adv_li_tt","/title/tt0080016/?ref_=adv_li_tt","/title/tt3255592/?ref_=adv_li_tt","/title/tt1003080/?ref_=adv_li_tt","/title/tt0837114/?ref_=adv_li_tt","/title/tt0889208/?ref_=adv_li_tt","/title/tt5909930/?ref_=adv_li_tt","/title/tt5797906/?ref_=adv_li_tt","/title/tt5505264/?ref_=adv_li_tt","/title/tt0092677/?ref_=adv_li_tt","/title/tt0064727/?ref_=adv_li_tt","/title/tt0074201/?ref_=adv_li_tt","/title/tt0100079/?ref_=adv_li_tt","/title/tt0103502/?ref_=adv_li_tt","/title/tt0085704/?ref_=adv_li_tt","/title/tt0067486/?ref_=adv_li_tt","/title/tt0074365/?ref_=adv_li_tt","/title/tt3902044/?ref_=adv_li_tt","/title/tt3562966/?ref_=adv_li_tt","/title/tt0092850/?ref_=adv_li_tt","/title/tt0109900/?ref_=adv_li_tt","/title/tt0072813/?ref_=adv_li_tt","/title/tt0319115/?ref_=adv_li_tt","/title/tt1667724/?ref_=adv_li_tt","/title/tt7153418/?ref_=adv_li_tt","/title/tt7067928/?ref_=adv_li_tt","/title/tt1566486/?ref_=adv_li_tt","/title/tt1282052/?ref_=adv_li_tt","/title/tt1075749/?ref_=adv_li_tt","/title/tt0418778/?ref_=adv_li_tt","/title/tt0161970/?ref_=adv_li_tt","/title/tt0249218/?ref_=adv_li_tt","/title/tt4819770/?ref_=adv_li_tt","/title/tt0051305/?ref_=adv_li_tt","/title/tt5236976/?ref_=adv_li_tt","/title/tt7248324/?ref_=adv_li_tt","/title/tt0086449/?ref_=adv_li_tt","/title/tt0049013/?ref_=adv_li_tt","/title/tt2582426/?ref_=adv_li_tt","/title/tt2776344/?ref_=adv_li_tt","/title/tt6848590/?ref_=adv_li_tt","/title/tt0486099/?ref_=adv_li_tt","/title/tt0112993/?ref_=adv_li_tt","/title/tt0497432/?ref_=adv_li_tt","/title/tt0112685/?ref_=adv_li_tt","/title/tt0090866/?ref_=adv_li_tt","/title/tt0203088/?ref_=adv_li_tt","/title/tt2563548/?ref_=adv_li_tt","/title/tt7059506/?ref_=adv_li_tt","/title/tt1490530/?ref_=adv_li_tt","/title/tt2289131/?ref_=adv_li_tt","/title/tt0165870/?ref_=adv_li_tt","/title/tt2482856/?ref_=adv_li_tt","/title/tt5480036/?ref_=adv_li_tt","/title/tt5092484/?ref_=adv_li_tt","/title/tt0307873/?ref_=adv_li_tt","/title/tt0100152/?ref_=adv_li_tt","/title/tt0096808/?ref_=adv_li_tt","/title/tt1499220/?ref_=adv_li_tt","/title/tt1600197/?ref_=adv_li_tt","/title/tt6464360/?ref_=adv_li_tt","/title/tt2179087/?ref_=adv_li_tt","/title/tt7249606/?ref_=adv_li_tt","/title/tt1666187/?ref_=adv_li_tt","/title/tt1566637/?ref_=adv_li_tt","/title/tt2767440/?ref_=adv_li_tt","/title/tt1323932/?ref_=adv_li_tt","/title/tt2528600/?ref_=adv_li_tt","/title/tt0884788/?ref_=adv_li_tt","/title/tt7235038/?ref_=adv_li_tt","/title/tt0119588/?ref_=adv_li_tt","/title/tt6283396/?ref_=adv_li_tt","/title/tt0081334/?ref_=adv_li_tt","/title/tt6140562/?ref_=adv_li_tt","/title/tt5589212/?ref_=adv_li_tt","/title/tt0071150/?ref_=adv_li_tt","/title/tt0045469/?ref_=adv_li_tt","/title/tt2404003/?ref_=adv_li_tt","/title/tt0088066/?ref_=adv_li_tt","/title/tt5548284/?ref_=adv_li_tt","/title/tt6236780/?ref_=adv_li_tt","/title/tt2165715/?ref_=adv_li_tt","/title/tt1464539/?ref_=adv_li_tt","/title/tt3572132/?ref_=adv_li_tt","/title/tt0062036/?ref_=adv_li_tt","/title/tt1338635/?ref_=adv_li_tt","/title/tt0060174/?ref_=adv_li_tt","/title/tt0078078/?ref_=adv_li_tt","/title/tt0095941/?ref_=adv_li_tt","/title/tt1916763/?ref_=adv_li_tt","/title/tt1288636/?ref_=adv_li_tt","/title/tt2140429/?ref_=adv_li_tt","/title/tt0067822/?ref_=adv_li_tt","/title/tt6225534/?ref_=adv_li_tt","/title/tt5630030/?ref_=adv_li_tt","/title/tt4145836/?ref_=adv_li_tt","/title/tt0071628/?ref_=adv_li_tt","/title/tt0062946/?ref_=adv_li_tt","/title/tt1977919/?ref_=adv_li_tt","/title/tt2306342/?ref_=adv_li_tt","/title/tt0403267/?ref_=adv_li_tt","/title/tt0485154/?ref_=adv_li_tt","/title/tt0052901/?ref_=adv_li_tt","/title/tt1103984/?ref_=adv_li_tt","/title/tt0070445/?ref_=adv_li_tt","/title/tt0081203/?ref_=adv_li_tt","/title/tt0067972/?ref_=adv_li_tt","/title/tt0096153/?ref_=adv_li_tt","/title/tt6784576/?ref_=adv_li_tt","/title/tt1508698/?ref_=adv_li_tt","/title/tt3469284/?ref_=adv_li_tt","/title/tt6166732/?ref_=adv_li_tt","/title/tt0083801/?ref_=adv_li_tt","/title/tt3737002/?ref_=adv_li_tt","/title/tt0112747/?ref_=adv_li_tt","/title/tt4384682/?ref_=adv_li_tt","/title/tt6063024/?ref_=adv_li_tt","/title/tt0113939/?ref_=adv_li_tt","/title/tt0330795/?ref_=adv_li_tt","/title/tt3330828/?ref_=adv_li_tt","/title/tt3591944/?ref_=adv_li_tt","/title/tt1629439/?ref_=adv_li_tt","/title/tt0069024/?ref_=adv_li_tt","/title/tt0098889/?ref_=adv_li_tt","/title/tt6318954/?ref_=adv_li_tt","/title/tt3955310/?ref_=adv_li_tt","/title/tt0106743/?ref_=adv_li_tt","/title/tt6041458/?ref_=adv_li_tt","/title/tt1292575/?ref_=adv_li_tt","/title/tt4596052/?ref_=adv_li_tt","/title/tt0284445/?ref_=adv_li_tt","/title/tt0441324/?ref_=adv_li_tt","/title/tt0076747/?ref_=adv_li_tt","/title/tt0112826/?ref_=adv_li_tt","/title/tt0090644/?ref_=adv_li_tt","/title/tt4439804/?ref_=adv_li_tt","/title/tt7165144/?ref_=adv_li_tt","/title/tt0066815/?ref_=adv_li_tt","/title/tt1730842/?ref_=adv_li_tt","/title/tt1976517/?ref_=adv_li_tt","/title/tt1999067/?ref_=adv_li_tt","/title/tt0062159/?ref_=adv_li_tt","/title/tt0103957/?ref_=adv_li_tt","/title/tt0098235/?ref_=adv_li_tt","/title/tt4262350/?ref_=adv_li_tt","/title/tt0260303/?ref_=adv_li_tt","/title/tt6227192/?ref_=adv_li_tt","/title/tt3393372/?ref_=adv_li_tt","/title/tt0052667/?ref_=adv_li_tt","/title/tt5278136/?ref_=adv_li_tt","/title/tt0051850/?ref_=adv_li_tt","/title/tt0048991/?ref_=adv_li_tt","/title/tt0196181/?ref_=adv_li_tt","/title/tt0286598/?ref_=adv_li_tt","/title/tt5127300/?ref_=adv_li_tt","/title/tt0279742/?ref_=adv_li_tt","/title/tt1686902/?ref_=adv_li_tt","/title/tt4591226/?ref_=adv_li_tt","/title/tt0467167/?ref_=adv_li_tt","/title/tt1293561/?ref_=adv_li_tt","/title/tt2375737/?ref_=adv_li_tt","/title/tt0139465/?ref_=adv_li_tt","/title/tt0115535/?ref_=adv_li_tt","/title/tt3794302/?ref_=adv_li_tt","/title/tt7233022/?ref_=adv_li_tt","/title/tt2443852/?ref_=adv_li_tt","/title/tt0391095/?ref_=adv_li_tt","/title/tt2081438/?ref_=adv_li_tt","/title/tt3654212/?ref_=adv_li_tt","/title/tt1590031/?ref_=adv_li_tt","/title/tt1705134/?ref_=adv_li_tt","/title/tt2801992/?ref_=adv_li_tt","/title/tt0351887/?ref_=adv_li_tt","/title/tt0167350/?ref_=adv_li_tt","/title/tt4900098/?ref_=adv_li_tt","/title/tt0221069/?ref_=adv_li_tt","/title/tt4978404/?ref_=adv_li_tt","/title/tt0245567/?ref_=adv_li_tt","/title/tt4096608/?ref_=adv_li_tt","/title/tt0107178/?ref_=adv_li_tt","/title/tt7422674/?ref_=adv_li_tt","/title/tt0362344/?ref_=adv_li_tt","/title/tt5832696/?ref_=adv_li_tt","/title/tt2279025/?ref_=adv_li_tt","/title/tt0079453/?ref_=adv_li_tt","/title/tt0120428/?ref_=adv_li_tt","/title/tt0154683/?ref_=adv_li_tt","/title/tt0066863/?ref_=adv_li_tt","/title/tt0083805/?ref_=adv_li_tt","/title/tt3103412/?ref_=adv_li_tt","/title/tt3296418/?ref_=adv_li_tt","/title/tt6203954/?ref_=adv_li_tt","/title/tt0113043/?ref_=adv_li_tt","/title/tt3729770/?ref_=adv_li_tt","/title/tt7865612/?ref_=adv_li_tt","/title/tt2218416/?ref_=adv_li_tt","/title/tt3919322/?ref_=adv_li_tt","/title/tt6723424/?ref_=adv_li_tt","/title/tt3588938/?ref_=adv_li_tt","/title/tt0060701/?ref_=adv_li_tt","/title/tt5611424/?ref_=adv_li_tt","/title/tt0430926/?ref_=adv_li_tt","/title/tt0111175/?ref_=adv_li_tt","/title/tt0795457/?ref_=adv_li_tt","/title/tt2385211/?ref_=adv_li_tt","/title/tt2363421/?ref_=adv_li_tt","/title/tt3717324/?ref_=adv_li_tt","/title/tt8001400/?ref_=adv_li_tt","/title/tt5773112/?ref_=adv_li_tt","/title/tt0310933/?ref_=adv_li_tt","/title/tt0313285/?ref_=adv_li_tt","/title/tt0093088/?ref_=adv_li_tt","/title/tt0091932/?ref_=adv_li_tt","/title/tt0360784/?ref_=adv_li_tt","/title/tt2917336/?ref_=adv_li_tt","/title/tt7512980/?ref_=adv_li_tt","/title/tt0059044/?ref_=adv_li_tt","/title/tt1334473/?ref_=adv_li_tt","/title/tt0222719/?ref_=adv_li_tt","/title/tt5506864/?ref_=adv_li_tt","/title/tt2646378/?ref_=adv_li_tt","/title/tt1336601/?ref_=adv_li_tt","/title/tt0431265/?ref_=adv_li_tt","/title/tt7501144/?ref_=adv_li_tt","/title/tt1257561/?ref_=adv_li_tt","/title/tt2836260/?ref_=adv_li_tt","/title/tt0492754/?ref_=adv_li_tt","/title/tt6904340/?ref_=adv_li_tt","/title/tt1626201/?ref_=adv_li_tt","/title/tt0098321/?ref_=adv_li_tt","/title/tt0972359/?ref_=adv_li_tt","/title/tt0095803/?ref_=adv_li_tt","/title/tt2054820/?ref_=adv_li_tt","/title/tt5665022/?ref_=adv_li_tt","/title/tt0065693/?ref_=adv_li_tt","/title/tt6817296/?ref_=adv_li_tt","/title/tt0058405/?ref_=adv_li_tt","/title/tt5518168/?ref_=adv_li_tt","/title/tt2837194/?ref_=adv_li_tt","/title/tt6795176/?ref_=adv_li_tt","/title/tt1860279/?ref_=adv_li_tt","/title/tt1833879/?ref_=adv_li_tt","/title/tt7842256/?ref_=adv_li_tt","/title/tt0061409/?ref_=adv_li_tt","/title/tt7762290/?ref_=adv_li_tt","/title/tt0455583/?ref_=adv_li_tt","/title/tt0090896/?ref_=adv_li_tt","/title/tt2924478/?ref_=adv_li_tt","/title/tt2468498/?ref_=adv_li_tt","/title/tt2184299/?ref_=adv_li_tt","/title/tt3484796/?ref_=adv_li_tt","/title/tt0079128/?ref_=adv_li_tt","/title/tt0068894/?ref_=adv_li_tt","/title/tt0418879/?ref_=adv_li_tt","/title/tt0111464/?ref_=adv_li_tt","/title/tt0053717/?ref_=adv_li_tt","/title/tt0101493/?ref_=adv_li_tt","/title/tt0438550/?ref_=adv_li_tt","/title/tt0271237/?ref_=adv_li_tt","/title/tt0067515/?ref_=adv_li_tt","/title/tt4685762/?ref_=adv_li_tt","/title/tt0311361/?ref_=adv_li_tt","/title/tt0067243/?ref_=adv_li_tt","/title/tt0058836/?ref_=adv_li_tt","/title/tt2726442/?ref_=adv_li_tt","/title/tt0103959/?ref_=adv_li_tt","/title/tt0083031/?ref_=adv_li_tt","/title/tt0221633/?ref_=adv_li_tt","/title/tt1754629/?ref_=adv_li_tt","/title/tt0062574/?ref_=adv_li_tt","/title/tt0464054/?ref_=adv_li_tt","/title/tt1461698/?ref_=adv_li_tt","/title/tt0109542/?ref_=adv_li_tt","/title/tt0105322/?ref_=adv_li_tt","/title/tt2366043/?ref_=adv_li_tt","/title/tt1667416/?ref_=adv_li_tt","/title/tt5704704/?ref_=adv_li_tt","/title/tt1001333/?ref_=adv_li_tt","/title/tt0265104/?ref_=adv_li_tt","/title/tt2406636/?ref_=adv_li_tt","/title/tt0062446/?ref_=adv_li_tt","/title/tt2418406/?ref_=adv_li_tt","/title/tt0075001/?ref_=adv_li_tt","/title/tt0808265/?ref_=adv_li_tt","/title/tt0369918/?ref_=adv_li_tt","/title/tt1314248/?ref_=adv_li_tt","/title/tt2081311/?ref_=adv_li_tt","/title/tt3137726/?ref_=adv_li_tt","/title/tt7071348/?ref_=adv_li_tt","/title/tt5466340/?ref_=adv_li_tt","/title/tt1548628/?ref_=adv_li_tt","/title/tt0105347/?ref_=adv_li_tt","/title/tt4634974/?ref_=adv_li_tt","/title/tt6128602/?ref_=adv_li_tt","/title/tt4351684/?ref_=adv_li_tt","/title/tt0227408/?ref_=adv_li_tt","/title/tt1590796/?ref_=adv_li_tt","/title/tt7343810/?ref_=adv_li_tt","/title/tt0801512/?ref_=adv_li_tt","/title/tt0470967/?ref_=adv_li_tt","/title/tt1422675/?ref_=adv_li_tt","/title/tt6130310/?ref_=adv_li_tt","/title/tt7595406/?ref_=adv_li_tt","/title/tt0178161/?ref_=adv_li_tt","/title/tt0070654/?ref_=adv_li_tt","/title/tt7273646/?ref_=adv_li_tt","/title/tt0113241/?ref_=adv_li_tt","/title/tt6198946/?ref_=adv_li_tt","/title/tt0118912/?ref_=adv_li_tt","/title/tt0010307/?ref_=adv_li_tt","/title/tt7075488/?ref_=adv_li_tt","/title/tt5343532/?ref_=adv_li_tt","/title/tt3856410/?ref_=adv_li_tt","/title/tt5901326/?ref_=adv_li_tt","/title/tt0098331/?ref_=adv_li_tt","/title/tt6931266/?ref_=adv_li_tt","/title/tt0775544/?ref_=adv_li_tt","/title/tt1078927/?ref_=adv_li_tt","/title/tt5822818/?ref_=adv_li_tt","/title/tt7070126/?ref_=adv_li_tt","/title/tt0087616/?ref_=adv_li_tt","/title/tt4207196/?ref_=adv_li_tt","/title/tt0067871/?ref_=adv_li_tt","/title/tt7671414/?ref_=adv_li_tt","/title/tt0025465/?ref_=adv_li_tt","/title/tt6059268/?ref_=adv_li_tt","/title/tt0062385/?ref_=adv_li_tt","/title/tt2469760/?ref_=adv_li_tt","/title/tt5196516/?ref_=adv_li_tt","/title/tt7731734/?ref_=adv_li_tt","/title/tt3802404/?ref_=adv_li_tt","/title/tt0166278/?ref_=adv_li_tt","/title/tt3733618/?ref_=adv_li_tt","/title/tt0089038/?ref_=adv_li_tt","/title/tt0073406/?ref_=adv_li_tt","/title/tt0081107/?ref_=adv_li_tt","/title/tt5856116/?ref_=adv_li_tt","/title/tt3388490/?ref_=adv_li_tt","/title/tt0070423/?ref_=adv_li_tt","/title/tt6139626/?ref_=adv_li_tt","/title/tt0780645/?ref_=adv_li_tt","/title/tt0047559/?ref_=adv_li_tt","/title/tt0080933/?ref_=adv_li_tt","/title/tt1520496/?ref_=adv_li_tt","/title/tt0115834/?ref_=adv_li_tt","/title/tt0181602/?ref_=adv_li_tt","/title/tt0330501/?ref_=adv_li_tt","/title/tt2093099/?ref_=adv_li_tt","/title/tt4018604/?ref_=adv_li_tt","/title/tt0078054/?ref_=adv_li_tt","/title/tt3159546/?ref_=adv_li_tt","/title/tt0135444/?ref_=adv_li_tt","/title/tt0067671/?ref_=adv_li_tt","/title/tt1318523/?ref_=adv_li_tt","/title/tt0092172/?ref_=adv_li_tt","/title/tt0147770/?ref_=adv_li_tt","/title/tt6301452/?ref_=adv_li_tt","/title/tt1869551/?ref_=adv_li_tt","/title/tt1830495/?ref_=adv_li_tt","/title/tt0250469/?ref_=adv_li_tt","/title/tt6396104/?ref_=adv_li_tt","/title/tt4368098/?ref_=adv_li_tt","/title/tt7968170/?ref_=adv_li_tt","/title/tt0478394/?ref_=adv_li_tt","/title/tt4343108/?ref_=adv_li_tt","/title/tt0071626/?ref_=adv_li_tt","/title/tt0217331/?ref_=adv_li_tt","/title/tt0079573/?ref_=adv_li_tt","/title/tt0097874/?ref_=adv_li_tt","/title/tt1137477/?ref_=adv_li_tt","/title/tt0870937/?ref_=adv_li_tt","/title/tt1022883/?ref_=adv_li_tt","/title/tt1235059/?ref_=adv_li_tt","/title/tt1483751/?ref_=adv_li_tt","/title/tt0061411/?ref_=adv_li_tt","/title/tt0354690/?ref_=adv_li_tt","/title/tt1052040/?ref_=adv_li_tt","/title/tt1540761/?ref_=adv_li_tt","/title/tt4662006/?ref_=adv_li_tt","/title/tt5580602/?ref_=adv_li_tt","/title/tt1245735/?ref_=adv_li_tt","/title/tt6141334/?ref_=adv_li_tt","/title/tt2887840/?ref_=adv_li_tt","/title/tt0305882/?ref_=adv_li_tt","/title/tt6573358/?ref_=adv_li_tt","/title/tt3494610/?ref_=adv_li_tt","/title/tt0021815/?ref_=adv_li_tt","/title/tt1787073/?ref_=adv_li_tt","/title/tt0143296/?ref_=adv_li_tt","/title/tt6104768/?ref_=adv_li_tt","/title/tt5914238/?ref_=adv_li_tt","/title/tt7375082/?ref_=adv_li_tt","/title/tt1754412/?ref_=adv_li_tt","/title/tt3245656/?ref_=adv_li_tt","/title/tt0047756/?ref_=adv_li_tt","/title/tt7546024/?ref_=adv_li_tt","/title/tt3025994/?ref_=adv_li_tt","/title/tt7852962/?ref_=adv_li_tt","/title/tt4971408/?ref_=adv_li_tt","/title/tt5817456/?ref_=adv_li_tt","/title/tt2205652/?ref_=adv_li_tt","/title/tt2055665/?ref_=adv_li_tt","/title/tt6914094/?ref_=adv_li_tt","/title/tt0056961/?ref_=adv_li_tt","/title/tt0171768/?ref_=adv_li_tt","/title/tt5585662/?ref_=adv_li_tt","/title/tt5634336/?ref_=adv_li_tt","/title/tt0156843/?ref_=adv_li_tt","/title/tt3223534/?ref_=adv_li_tt","/title/tt1756839/?ref_=adv_li_tt","/title/tt0095952/?ref_=adv_li_tt","/title/tt3949586/?ref_=adv_li_tt","/title/tt1626139/?ref_=adv_li_tt","/title/tt7429006/?ref_=adv_li_tt","/title/tt0059199/?ref_=adv_li_tt","/title/tt0479125/?ref_=adv_li_tt","/title/tt0097008/?ref_=adv_li_tt","/title/tt0382019/?ref_=adv_li_tt","/title/tt7429026/?ref_=adv_li_tt","/title/tt0840304/?ref_=adv_li_tt","/title/tt0082769/?ref_=adv_li_tt","/title/tt4096750/?ref_=adv_li_tt","/title/tt2106616/?ref_=adv_li_tt","/title/tt2536086/?ref_=adv_li_tt","/title/tt0111520/?ref_=adv_li_tt","/title/tt2278911/?ref_=adv_li_tt","/title/tt0074472/?ref_=adv_li_tt","/title/tt1346961/?ref_=adv_li_tt","/title/tt3443484/?ref_=adv_li_tt","/title/tt0369516/?ref_=adv_li_tt","/title/tt0304676/?ref_=adv_li_tt","/title/tt1242744/?ref_=adv_li_tt","/title/tt5628902/?ref_=adv_li_tt","/title/tt3883976/?ref_=adv_li_tt","/title/tt0252358/?ref_=adv_li_tt","/title/tt0365653/?ref_=adv_li_tt","/title/tt4271730/?ref_=adv_li_tt","/title/tt0079727/?ref_=adv_li_tt","/title/tt0054724/?ref_=adv_li_tt","/title/tt0072007/?ref_=adv_li_tt","/title/tt1666188/?ref_=adv_li_tt","/title/tt1233574/?ref_=adv_li_tt","/title/tt0081662/?ref_=adv_li_tt","/title/tt0054285/?ref_=adv_li_tt","/title/tt1227789/?ref_=adv_li_tt","/title/tt1058559/?ref_=adv_li_tt","/title/tt0176457/?ref_=adv_li_tt","/title/tt2100573/?ref_=adv_li_tt","/title/tt0037820/?ref_=adv_li_tt","/title/tt0097306/?ref_=adv_li_tt","/title/tt1152403/?ref_=adv_li_tt","/title/tt0072320/?ref_=adv_li_tt","/title/tt1337022/?ref_=adv_li_tt","/title/tt5157616/?ref_=adv_li_tt","/title/tt2056659/?ref_=adv_li_tt","/title/tt1298643/?ref_=adv_li_tt","/title/tt2259464/?ref_=adv_li_tt","/title/tt2401789/?ref_=adv_li_tt","/title/tt1718249/?ref_=adv_li_tt","/title/tt0071627/?ref_=adv_li_tt","/title/tt0083192/?ref_=adv_li_tt","/title/tt4513074/?ref_=adv_li_tt","/title/tt2176722/?ref_=adv_li_tt","/title/tt0106792/?ref_=adv_li_tt","/title/tt5470742/?ref_=adv_li_tt","/title/tt0068708/?ref_=adv_li_tt","/title/tt0114473/?ref_=adv_li_tt","/title/tt0067732/?ref_=adv_li_tt","/title/tt0067885/?ref_=adv_li_tt","/title/tt0212559/?ref_=adv_li_tt","/title/tt0462160/?ref_=adv_li_tt","/title/tt2268018/?ref_=adv_li_tt","/title/tt5533664/?ref_=adv_li_tt","/title/tt1721556/?ref_=adv_li_tt","/title/tt3646946/?ref_=adv_li_tt","/title/tt0056127/?ref_=adv_li_tt","/title/tt0215704/?ref_=adv_li_tt","/title/tt0313634/?ref_=adv_li_tt","/title/tt6016316/?ref_=adv_li_tt","/title/tt0070636/?ref_=adv_li_tt","/title/tt5288646/?ref_=adv_li_tt","/title/tt2287394/?ref_=adv_li_tt","/title/tt3772364/?ref_=adv_li_tt","/title/tt0075097/?ref_=adv_li_tt","/title/tt0067052/?ref_=adv_li_tt","/title/tt3919598/?ref_=adv_li_tt","/title/tt0134928/?ref_=adv_li_tt","/title/tt0050957/?ref_=adv_li_tt","/title/tt3593626/?ref_=adv_li_tt","/title/tt4792648/?ref_=adv_li_tt","/title/tt0492940/?ref_=adv_li_tt","/title/tt4692364/?ref_=adv_li_tt","/title/tt1297293/?ref_=adv_li_tt","/title/tt0483719/?ref_=adv_li_tt","/title/tt0434125/?ref_=adv_li_tt","/title/tt6819948/?ref_=adv_li_tt","/title/tt1789104/?ref_=adv_li_tt","/title/tt0383353/?ref_=adv_li_tt","/title/tt0099364/?ref_=adv_li_tt","/title/tt1478325/?ref_=adv_li_tt","/title/tt0065595/?ref_=adv_li_tt","/title/tt6608136/?ref_=adv_li_tt","/title/tt0887892/?ref_=adv_li_tt","/title/tt0073735/?ref_=adv_li_tt","/title/tt6304978/?ref_=adv_li_tt","/title/tt0102910/?ref_=adv_li_tt","/title/tt2145903/?ref_=adv_li_tt","/title/tt0450827/?ref_=adv_li_tt","/title/tt1054564/?ref_=adv_li_tt","/title/tt4765188/?ref_=adv_li_tt","/title/tt5891062/?ref_=adv_li_tt","/title/tt7743120/?ref_=adv_li_tt","/title/tt4678058/?ref_=adv_li_tt","/title/tt0993841/?ref_=adv_li_tt","/title/tt5651220/?ref_=adv_li_tt","/title/tt8049414/?ref_=adv_li_tt","/title/tt0174917/?ref_=adv_li_tt","/title/tt1472195/?ref_=adv_li_tt","/title/tt0083661/?ref_=adv_li_tt","/title/tt0128000/?ref_=adv_li_tt","/title/tt1833887/?ref_=adv_li_tt","/title/tt0896585/?ref_=adv_li_tt","/title/tt0245291/?ref_=adv_li_tt","/title/tt1979305/?ref_=adv_li_tt","/title/tt1123386/?ref_=adv_li_tt","/title/tt0121262/?ref_=adv_li_tt","/title/tt0055408/?ref_=adv_li_tt","/title/tt4429588/?ref_=adv_li_tt","/title/tt2042447/?ref_=adv_li_tt","/title/tt0061402/?ref_=adv_li_tt","/title/tt6852154/?ref_=adv_li_tt","/title/tt0485799/?ref_=adv_li_tt","/title/tt0093346/?ref_=adv_li_tt","/title/tt2010976/?ref_=adv_li_tt","/title/tt1391469/?ref_=adv_li_tt","/title/tt6284156/?ref_=adv_li_tt","/title/tt1679332/?ref_=adv_li_tt","/title/tt6332158/?ref_=adv_li_tt","/title/tt0284066/?ref_=adv_li_tt","/title/tt4419596/?ref_=adv_li_tt","/title/tt0129568/?ref_=adv_li_tt","/title/tt0095608/?ref_=adv_li_tt","/title/tt2389974/?ref_=adv_li_tt","/title/tt0428390/?ref_=adv_li_tt","/title/tt0070533/?ref_=adv_li_tt","/title/tt0144156/?ref_=adv_li_tt","/title/tt0031851/?ref_=adv_li_tt","/title/tt0312450/?ref_=adv_li_tt","/title/tt1508661/?ref_=adv_li_tt","/title/tt2419354/?ref_=adv_li_tt","/title/tt3748540/?ref_=adv_li_tt","/title/tt2362944/?ref_=adv_li_tt","/title/tt0119288/?ref_=adv_li_tt","/title/tt0117217/?ref_=adv_li_tt","/title/tt2937080/?ref_=adv_li_tt","/title/tt3894558/?ref_=adv_li_tt","/title/tt4642732/?ref_=adv_li_tt","/title/tt1530527/?ref_=adv_li_tt","/title/tt0105410/?ref_=adv_li_tt","/title/tt6755810/?ref_=adv_li_tt","/title/tt0439771/?ref_=adv_li_tt","/title/tt0202493/?ref_=adv_li_tt","/title/tt1038072/?ref_=adv_li_tt","/title/tt4004084/?ref_=adv_li_tt","/title/tt6770142/?ref_=adv_li_tt","/title/tt0314015/?ref_=adv_li_tt","/title/tt0388230/?ref_=adv_li_tt","/title/tt3725026/?ref_=adv_li_tt","/title/tt0100904/?ref_=adv_li_tt","/title/tt1641640/?ref_=adv_li_tt","/title/tt6096938/?ref_=adv_li_tt","/title/tt6544168/?ref_=adv_li_tt","/title/tt3033948/?ref_=adv_li_tt","/title/tt7076668/?ref_=adv_li_tt","/title/tt7002100/?ref_=adv_li_tt","/title/tt5288552/?ref_=adv_li_tt","/title/tt0065217/?ref_=adv_li_tt","/title/tt3121200/?ref_=adv_li_tt","/title/tt0062006/?ref_=adv_li_tt","/title/tt1806999/?ref_=adv_li_tt","/title/tt1046936/?ref_=adv_li_tt","/title/tt3369624/?ref_=adv_li_tt","/title/tt1134826/?ref_=adv_li_tt","/title/tt0107894/?ref_=adv_li_tt","/title/tt4010302/?ref_=adv_li_tt","/title/tt1791500/?ref_=adv_li_tt","/title/tt2916324/?ref_=adv_li_tt","/title/tt0051630/?ref_=adv_li_tt","/title/tt0054393/?ref_=adv_li_tt","/title/tt3949996/?ref_=adv_li_tt","/title/tt1300159/?ref_=adv_li_tt","/title/tt1852947/?ref_=adv_li_tt","/title/tt7115994/?ref_=adv_li_tt","/title/tt0076649/?ref_=adv_li_tt","/title/tt0065168/?ref_=adv_li_tt","/title/tt2441232/?ref_=adv_li_tt","/title/tt4667266/?ref_=adv_li_tt","/title/tt0076563/?ref_=adv_li_tt","/title/tt1725073/?ref_=adv_li_tt","/title/tt2853182/?ref_=adv_li_tt","/title/tt2782232/?ref_=adv_li_tt","/title/tt1094162/?ref_=adv_li_tt","/title/tt6149740/?ref_=adv_li_tt","/title/tt0084408/?ref_=adv_li_tt","/title/tt0015202/?ref_=adv_li_tt","/title/tt0252649/?ref_=adv_li_tt","/title/tt3420392/?ref_=adv_li_tt","/title/tt0023582/?ref_=adv_li_tt","/title/tt0057522/?ref_=adv_li_tt","/title/tt1297298/?ref_=adv_li_tt","/title/tt4933506/?ref_=adv_li_tt","/title/tt0372937/?ref_=adv_li_tt","/title/tt0003419/?ref_=adv_li_tt","/title/tt0116516/?ref_=adv_li_tt","/title/tt6395008/?ref_=adv_li_tt","/title/tt2396701/?ref_=adv_li_tt","/title/tt0439602/?ref_=adv_li_tt","/title/tt2435148/?ref_=adv_li_tt","/title/tt1285010/?ref_=adv_li_tt","/title/tt1331335/?ref_=adv_li_tt","/title/tt0077304/?ref_=adv_li_tt","/title/tt0017621/?ref_=adv_li_tt","/title/tt4902618/?ref_=adv_li_tt","/title/tt0382652/?ref_=adv_li_tt","/title/tt1158934/?ref_=adv_li_tt","/title/tt0090183/?ref_=adv_li_tt","/title/tt5201882/?ref_=adv_li_tt","/title/tt3358520/?ref_=adv_li_tt","/title/tt0101134/?ref_=adv_li_tt","/title/tt0147857/?ref_=adv_li_tt","/title/tt0184503/?ref_=adv_li_tt","/title/tt0934459/?ref_=adv_li_tt","/title/tt2386237/?ref_=adv_li_tt","/title/tt0355857/?ref_=adv_li_tt","/title/tt4790076/?ref_=adv_li_tt","/title/tt5156910/?ref_=adv_li_tt","/title/tt0052207/?ref_=adv_li_tt","/title/tt4310384/?ref_=adv_li_tt","/title/tt0451638/?ref_=adv_li_tt","/title/tt7041458/?ref_=adv_li_tt","/title/tt0195462/?ref_=adv_li_tt","/title/tt6964562/?ref_=adv_li_tt","/title/tt0068583/?ref_=adv_li_tt","/title/tt1934381/?ref_=adv_li_tt","/title/tt0094997/?ref_=adv_li_tt","/title/tt6764354/?ref_=adv_li_tt","/title/tt0094752/?ref_=adv_li_tt","/title/tt1851848/?ref_=adv_li_tt","/title/tt0059080/?ref_=adv_li_tt","/title/tt2390341/?ref_=adv_li_tt","/title/tt0158011/?ref_=adv_li_tt","/title/tt2247936/?ref_=adv_li_tt","/title/tt0070783/?ref_=adv_li_tt","/title/tt4458096/?ref_=adv_li_tt","/title/tt3304756/?ref_=adv_li_tt","/title/tt5870756/?ref_=adv_li_tt","/title/tt3973814/?ref_=adv_li_tt","/title/tt0892051/?ref_=adv_li_tt","/title/tt4916744/?ref_=adv_li_tt","/title/tt7582830/?ref_=adv_li_tt","/title/tt2236642/?ref_=adv_li_tt","/title/tt2360586/?ref_=adv_li_tt","/title/tt1651065/?ref_=adv_li_tt","/title/tt0118800/?ref_=adv_li_tt","/title/tt4467580/?ref_=adv_li_tt","/title/tt1229821/?ref_=adv_li_tt","/title/tt4053000/?ref_=adv_li_tt","/title/tt0091631/?ref_=adv_li_tt","/title/tt5931338/?ref_=adv_li_tt","/title/tt0979435/?ref_=adv_li_tt","/title/tt2332532/?ref_=adv_li_tt","/title/tt0339288/?ref_=adv_li_tt","/title/tt0116163/?ref_=adv_li_tt","/title/tt0060434/?ref_=adv_li_tt","/title/tt0756672/?ref_=adv_li_tt","/title/tt3350376/?ref_=adv_li_tt","/title/tt2949196/?ref_=adv_li_tt","/title/tt3333968/?ref_=adv_li_tt","/title/tt0417917/?ref_=adv_li_tt","/title/tt0082367/?ref_=adv_li_tt","/title/tt3959690/?ref_=adv_li_tt","/title/tt0113221/?ref_=adv_li_tt","/title/tt2306786/?ref_=adv_li_tt","/title/tt0061217/?ref_=adv_li_tt","/title/tt0428488/?ref_=adv_li_tt","/title/tt2222550/?ref_=adv_li_tt","/title/tt3121860/?ref_=adv_li_tt","/title/tt0105869/?ref_=adv_li_tt","/title/tt0041037/?ref_=adv_li_tt","/title/tt2340511/?ref_=adv_li_tt","/title/tt0289421/?ref_=adv_li_tt","/title/tt0083275/?ref_=adv_li_tt","/title/tt5891704/?ref_=adv_li_tt","/title/tt0131550/?ref_=adv_li_tt","/title/tt7339548/?ref_=adv_li_tt","/title/tt3400058/?ref_=adv_li_tt","/title/tt4438128/?ref_=adv_li_tt","/title/tt6170224/?ref_=adv_li_tt","/title/tt0065737/?ref_=adv_li_tt","/title/tt4613688/?ref_=adv_li_tt","/title/tt7661922/?ref_=adv_li_tt","/title/tt0093589/?ref_=adv_li_tt","/title/tt6097522/?ref_=adv_li_tt","/title/tt0371516/?ref_=adv_li_tt","/title/tt6053192/?ref_=adv_li_tt","/title/tt0495024/?ref_=adv_li_tt","/title/tt4369136/?ref_=adv_li_tt","/title/tt6106494/?ref_=adv_li_tt","/title/tt6333200/?ref_=adv_li_tt","/title/tt4942478/?ref_=adv_li_tt","/title/tt0284045/?ref_=adv_li_tt","/title/tt1464586/?ref_=adv_li_tt","/title/tt0060866/?ref_=adv_li_tt","/title/tt0075820/?ref_=adv_li_tt","/title/tt1153102/?ref_=adv_li_tt","/title/tt0072147/?ref_=adv_li_tt","/title/tt1675746/?ref_=adv_li_tt","/title/tt0063142/?ref_=adv_li_tt","/title/tt7551962/?ref_=adv_li_tt","/title/tt1071203/?ref_=adv_li_tt","/title/tt0095942/?ref_=adv_li_tt","/title/tt3568380/?ref_=adv_li_tt","/title/tt0073275/?ref_=adv_li_tt","/title/tt0095256/?ref_=adv_li_tt","/title/tt6470466/?ref_=adv_li_tt","/title/tt2049631/?ref_=adv_li_tt","/title/tt0069017/?ref_=adv_li_tt","/title/tt0250517/?ref_=adv_li_tt","/title/tt0834906/?ref_=adv_li_tt","/title/tt1189374/?ref_=adv_li_tt","/title/tt0409221/?ref_=adv_li_tt","/title/tt0491005/?ref_=adv_li_tt","/title/tt0475532/?ref_=adv_li_tt","/title/tt5989336/?ref_=adv_li_tt","/title/tt3718904/?ref_=adv_li_tt","/title/tt0240793/?ref_=adv_li_tt","/title/tt0455139/?ref_=adv_li_tt","/title/tt2144007/?ref_=adv_li_tt","/title/tt0361507/?ref_=adv_li_tt","/title/tt5868058/?ref_=adv_li_tt","/title/tt2186464/?ref_=adv_li_tt","/title/tt0069795/?ref_=adv_li_tt","/title/tt6751468/?ref_=adv_li_tt","/title/tt0100618/?ref_=adv_li_tt","/title/tt0089181/?ref_=adv_li_tt","/title/tt5104330/?ref_=adv_li_tt","/title/tt6265536/?ref_=adv_li_tt","/title/tt1854582/?ref_=adv_li_tt","/title/tt0070696/?ref_=adv_li_tt","/title/tt5801522/?ref_=adv_li_tt","/title/tt0091574/?ref_=adv_li_tt","/title/tt0096117/?ref_=adv_li_tt","/title/tt0339918/?ref_=adv_li_tt","/title/tt0056315/?ref_=adv_li_tt","/title/tt0096920/?ref_=adv_li_tt","/title/tt1078933/?ref_=adv_li_tt","/title/tt0450892/?ref_=adv_li_tt","/title/tt7781432/?ref_=adv_li_tt","/title/tt0073662/?ref_=adv_li_tt","/title/tt0074873/?ref_=adv_li_tt","/title/tt3894340/?ref_=adv_li_tt","/title/tt0125831/?ref_=adv_li_tt","/title/tt6023386/?ref_=adv_li_tt","/title/tt1887748/?ref_=adv_li_tt","/title/tt5268764/?ref_=adv_li_tt","/title/tt0086137/?ref_=adv_li_tt","/title/tt0083155/?ref_=adv_li_tt","/title/tt0053232/?ref_=adv_li_tt","/title/tt0214915/?ref_=adv_li_tt","/title/tt0074287/?ref_=adv_li_tt","/title/tt1920846/?ref_=adv_li_tt","/title/tt2983606/?ref_=adv_li_tt","/title/tt3695346/?ref_=adv_li_tt","/title/tt0143338/?ref_=adv_li_tt","/title/tt0289845/?ref_=adv_li_tt","/title/tt1148277/?ref_=adv_li_tt","/title/tt0405061/?ref_=adv_li_tt","/title/tt0086981/?ref_=adv_li_tt","/title/tt0086967/?ref_=adv_li_tt","/title/tt2024351/?ref_=adv_li_tt","/title/tt0026123/?ref_=adv_li_tt","/title/tt0101464/?ref_=adv_li_tt","/title/tt4278760/?ref_=adv_li_tt","/title/tt0087243/?ref_=adv_li_tt","/title/tt0914813/?ref_=adv_li_tt","/title/tt0359444/?ref_=adv_li_tt","/title/tt0112830/?ref_=adv_li_tt","/title/tt3268790/?ref_=adv_li_tt","/title/tt6143782/?ref_=adv_li_tt","/title/tt0443696/?ref_=adv_li_tt","/title/tt1934195/?ref_=adv_li_tt","/title/tt6967644/?ref_=adv_li_tt","/title/tt1144553/?ref_=adv_li_tt","/title/tt1380179/?ref_=adv_li_tt","/title/tt5226764/?ref_=adv_li_tt","/title/tt0092863/?ref_=adv_li_tt","/title/tt0051948/?ref_=adv_li_tt","/title/tt0061549/?ref_=adv_li_tt","/title/tt7993104/?ref_=adv_li_tt","/title/tt1155650/?ref_=adv_li_tt","/title/tt2823518/?ref_=adv_li_tt","/title/tt0068289/?ref_=adv_li_tt","/title/tt0430334/?ref_=adv_li_tt","/title/tt4641828/?ref_=adv_li_tt","/title/tt3707200/?ref_=adv_li_tt","/title/tt1753422/?ref_=adv_li_tt","/title/tt0090145/?ref_=adv_li_tt","/title/tt0070300/?ref_=adv_li_tt","/title/tt0078300/?ref_=adv_li_tt","/title/tt6124028/?ref_=adv_li_tt","/title/tt0097550/?ref_=adv_li_tt","/title/tt2180543/?ref_=adv_li_tt","/title/tt0209440/?ref_=adv_li_tt","/title/tt0037219/?ref_=adv_li_tt","/title/tt0211577/?ref_=adv_li_tt","/title/tt7714290/?ref_=adv_li_tt","/title/tt0051381/?ref_=adv_li_tt","/title/tt0131537/?ref_=adv_li_tt","/title/tt2343805/?ref_=adv_li_tt","/title/tt1068433/?ref_=adv_li_tt","/title/tt0102932/?ref_=adv_li_tt","/title/tt0070190/?ref_=adv_li_tt","/title/tt1054115/?ref_=adv_li_tt","/title/tt0085515/?ref_=adv_li_tt","/title/tt0338479/?ref_=adv_li_tt","/title/tt0142392/?ref_=adv_li_tt","/title/tt0069930/?ref_=adv_li_tt","/title/tt3300506/?ref_=adv_li_tt","/title/tt0082213/?ref_=adv_li_tt","/title/tt0069838/?ref_=adv_li_tt","/title/tt3916182/?ref_=adv_li_tt","/title/tt0096134/?ref_=adv_li_tt","/title/tt4942694/?ref_=adv_li_tt","/title/tt0267116/?ref_=adv_li_tt","/title/tt6922804/?ref_=adv_li_tt","/title/tt2250026/?ref_=adv_li_tt","/title/tt0468683/?ref_=adv_li_tt","/title/tt1153085/?ref_=adv_li_tt","/title/tt0096871/?ref_=adv_li_tt","/title/tt0486652/?ref_=adv_li_tt","/title/tt0052156/?ref_=adv_li_tt","/title/tt0099822/?ref_=adv_li_tt","/title/tt2308583/?ref_=adv_li_tt","/title/tt1608369/?ref_=adv_li_tt","/title/tt7521752/?ref_=adv_li_tt","/title/tt0076670/?ref_=adv_li_tt","/title/tt1593306/?ref_=adv_li_tt","/title/tt0108038/?ref_=adv_li_tt","/title/tt0296360/?ref_=adv_li_tt","/title/tt0037099/?ref_=adv_li_tt","/title/tt1350512/?ref_=adv_li_tt","/title/tt0061550/?ref_=adv_li_tt","/title/tt4765918/?ref_=adv_li_tt","/title/tt5344876/?ref_=adv_li_tt","/title/tt0057859/?ref_=adv_li_tt","/title/tt3069758/?ref_=adv_li_tt","/title/tt5897302/?ref_=adv_li_tt","/title/tt0076884/?ref_=adv_li_tt","/title/tt4520480/?ref_=adv_li_tt","/title/tt7336274/?ref_=adv_li_tt","/title/tt0012651/?ref_=adv_li_tt","/title/tt0068324/?ref_=adv_li_tt","/title/tt0118730/?ref_=adv_li_tt","/title/tt0052131/?ref_=adv_li_tt","/title/tt3886722/?ref_=adv_li_tt","/title/tt2676710/?ref_=adv_li_tt","/title/tt8097648/?ref_=adv_li_tt","/title/tt0485798/?ref_=adv_li_tt","/title/tt1086334/?ref_=adv_li_tt","/title/tt0057608/?ref_=adv_li_tt","/title/tt0107561/?ref_=adv_li_tt","/title/tt1179071/?ref_=adv_li_tt","/title/tt1681372/?ref_=adv_li_tt","/title/tt0059440/?ref_=adv_li_tt","/title/tt2259858/?ref_=adv_li_tt","/title/tt0097228/?ref_=adv_li_tt","/title/tt0289115/?ref_=adv_li_tt","/title/tt0342835/?ref_=adv_li_tt","/title/tt0060626/?ref_=adv_li_tt","/title/tt1461982/?ref_=adv_li_tt","/title/tt7745080/?ref_=adv_li_tt","/title/tt0114193/?ref_=adv_li_tt","/title/tt3233972/?ref_=adv_li_tt","/title/tt1356415/?ref_=adv_li_tt","/title/tt5679566/?ref_=adv_li_tt","/title/tt1521846/?ref_=adv_li_tt","/title/tt1002567/?ref_=adv_li_tt","/title/tt4982166/?ref_=adv_li_tt","/title/tt4514660/?ref_=adv_li_tt","/title/tt3889156/?ref_=adv_li_tt","/title/tt1329404/?ref_=adv_li_tt","/title/tt1172550/?ref_=adv_li_tt","/title/tt0051432/?ref_=adv_li_tt","/title/tt0188557/?ref_=adv_li_tt","/title/tt0289424/?ref_=adv_li_tt","/title/tt0103757/?ref_=adv_li_tt","/title/tt6530368/?ref_=adv_li_tt","/title/tt0775433/?ref_=adv_li_tt","/title/tt5856594/?ref_=adv_li_tt","/title/tt2786780/?ref_=adv_li_tt","/title/tt2843372/?ref_=adv_li_tt","/title/tt1057576/?ref_=adv_li_tt","/title/tt0067594/?ref_=adv_li_tt","/title/tt0242911/?ref_=adv_li_tt","/title/tt2062661/?ref_=adv_li_tt","/title/tt1353012/?ref_=adv_li_tt","/title/tt3295482/?ref_=adv_li_tt","/title/tt0460485/?ref_=adv_li_tt","/title/tt4459162/?ref_=adv_li_tt","/title/tt1422674/?ref_=adv_li_tt","/title/tt0077769/?ref_=adv_li_tt","/title/tt6836734/?ref_=adv_li_tt","/title/tt0076853/?ref_=adv_li_tt","/title/tt2306836/?ref_=adv_li_tt","/title/tt0837791/?ref_=adv_li_tt","/title/tt2247748/?ref_=adv_li_tt","/title/tt4858362/?ref_=adv_li_tt","/title/tt1237863/?ref_=adv_li_tt","/title/tt2701772/?ref_=adv_li_tt","/title/tt0066040/?ref_=adv_li_tt","/title/tt0053802/?ref_=adv_li_tt","/title/tt1327200/?ref_=adv_li_tt","/title/tt3779814/?ref_=adv_li_tt","/title/tt1192621/?ref_=adv_li_tt","/title/tt3652098/?ref_=adv_li_tt","/title/tt0024727/?ref_=adv_li_tt","/title/tt0075656/?ref_=adv_li_tt","/title/tt0166808/?ref_=adv_li_tt","/title/tt1600439/?ref_=adv_li_tt","/title/tt0114394/?ref_=adv_li_tt","/title/tt0075838/?ref_=adv_li_tt","/title/tt1265294/?ref_=adv_li_tt","/title/tt0370295/?ref_=adv_li_tt","/title/tt7026370/?ref_=adv_li_tt","/title/tt0072355/?ref_=adv_li_tt","/title/tt3061100/?ref_=adv_li_tt","/title/tt0051993/?ref_=adv_li_tt","/title/tt0091553/?ref_=adv_li_tt","/title/tt0029984/?ref_=adv_li_tt","/title/tt0214340/?ref_=adv_li_tt","/title/tt4216984/?ref_=adv_li_tt","/title/tt0033760/?ref_=adv_li_tt","/title/tt2620500/?ref_=adv_li_tt","/title/tt1493798/?ref_=adv_li_tt","/title/tt1175522/?ref_=adv_li_tt","/title/tt0096240/?ref_=adv_li_tt","/title/tt0278665/?ref_=adv_li_tt","/title/tt0098482/?ref_=adv_li_tt","/title/tt0883398/?ref_=adv_li_tt","/title/tt0091264/?ref_=adv_li_tt","/title/tt0075166/?ref_=adv_li_tt","/title/tt1046930/?ref_=adv_li_tt","/title/tt0064188/?ref_=adv_li_tt","/title/tt0181315/?ref_=adv_li_tt","/title/tt3720634/?ref_=adv_li_tt","/title/tt0107666/?ref_=adv_li_tt","/title/tt6255754/?ref_=adv_li_tt","/title/tt0101467/?ref_=adv_li_tt","/title/tt0109324/?ref_=adv_li_tt","/title/tt1911533/?ref_=adv_li_tt","/title/tt1524134/?ref_=adv_li_tt","/title/tt0202206/?ref_=adv_li_tt","/title/tt0972362/?ref_=adv_li_tt","/title/tt1728973/?ref_=adv_li_tt","/title/tt2004419/?ref_=adv_li_tt","/title/tt0070458/?ref_=adv_li_tt","/title/tt0054099/?ref_=adv_li_tt","/title/tt1854506/?ref_=adv_li_tt","/title/tt0088116/?ref_=adv_li_tt","/title/tt8074328/?ref_=adv_li_tt","/title/tt0049248/?ref_=adv_li_tt","/title/tt6642396/?ref_=adv_li_tt","/title/tt0077470/?ref_=adv_li_tt","/title/tt0082237/?ref_=adv_li_tt","/title/tt3175438/?ref_=adv_li_tt","/title/tt2112331/?ref_=adv_li_tt","/title/tt5050328/?ref_=adv_li_tt","/title/tt6211920/?ref_=adv_li_tt","/title/tt2332833/?ref_=adv_li_tt","/title/tt5022902/?ref_=adv_li_tt","/title/tt1268797/?ref_=adv_li_tt","/title/tt0082745/?ref_=adv_li_tt","/title/tt4488136/?ref_=adv_li_tt","/title/tt0320483/?ref_=adv_li_tt","/title/tt0099187/?ref_=adv_li_tt","/title/tt0203139/?ref_=adv_li_tt","/title/tt1327709/?ref_=adv_li_tt","/title/tt0214529/?ref_=adv_li_tt","/title/tt3612008/?ref_=adv_li_tt","/title/tt0088691/?ref_=adv_li_tt","/title/tt5271432/?ref_=adv_li_tt","/title/tt5636234/?ref_=adv_li_tt","/title/tt5695936/?ref_=adv_li_tt","/title/tt0001223/?ref_=adv_li_tt","/title/tt3449320/?ref_=adv_li_tt","/title/tt1705790/?ref_=adv_li_tt","/title/tt5779960/?ref_=adv_li_tt","/title/tt0427848/?ref_=adv_li_tt","/title/tt0488287/?ref_=adv_li_tt","/title/tt1323946/?ref_=adv_li_tt","/title/tt2384022/?ref_=adv_li_tt","/title/tt0105785/?ref_=adv_li_tt","/title/tt0083670/?ref_=adv_li_tt","/title/tt1971558/?ref_=adv_li_tt","/title/tt5963066/?ref_=adv_li_tt","/title/tt0460834/?ref_=adv_li_tt","/title/tt2219210/?ref_=adv_li_tt","/title/tt5106418/?ref_=adv_li_tt","/title/tt7127700/?ref_=adv_li_tt","/title/tt0085224/?ref_=adv_li_tt","/title/tt3379814/?ref_=adv_li_tt","/title/tt0434131/?ref_=adv_li_tt","/title/tt6383148/?ref_=adv_li_tt","/title/tt7702924/?ref_=adv_li_tt","/title/tt2401181/?ref_=adv_li_tt","/title/tt5654204/?ref_=adv_li_tt","/title/tt0051413/?ref_=adv_li_tt","/title/tt0200515/?ref_=adv_li_tt","/title/tt4472236/?ref_=adv_li_tt","/title/tt3602422/?ref_=adv_li_tt","/title/tt7553974/?ref_=adv_li_tt","/title/tt0477311/?ref_=adv_li_tt","/title/tt4458368/?ref_=adv_li_tt","/title/tt1050001/?ref_=adv_li_tt","/title/tt1535566/?ref_=adv_li_tt","/title/tt4180532/?ref_=adv_li_tt","/title/tt0103157/?ref_=adv_li_tt","/title/tt1495818/?ref_=adv_li_tt","/title/tt6732748/?ref_=adv_li_tt","/title/tt0125316/?ref_=adv_li_tt","/title/tt2791026/?ref_=adv_li_tt","/title/tt0098089/?ref_=adv_li_tt","/title/tt2196430/?ref_=adv_li_tt","/title/tt1844635/?ref_=adv_li_tt","/title/tt2973516/?ref_=adv_li_tt","/title/tt0061733/?ref_=adv_li_tt","/title/tt2049511/?ref_=adv_li_tt","/title/tt1065092/?ref_=adv_li_tt","/title/tt3951730/?ref_=adv_li_tt","/title/tt1385824/?ref_=adv_li_tt","/title/tt0080438/?ref_=adv_li_tt","/title/tt0050095/?ref_=adv_li_tt","/title/tt0085883/?ref_=adv_li_tt","/title/tt0064243/?ref_=adv_li_tt","/title/tt7627782/?ref_=adv_li_tt","/title/tt7411112/?ref_=adv_li_tt","/title/tt0411269/?ref_=adv_li_tt","/title/tt0300536/?ref_=adv_li_tt","/title/tt0219075/?ref_=adv_li_tt","/title/tt4054008/?ref_=adv_li_tt","/title/tt0115114/?ref_=adv_li_tt","/title/tt0065790/?ref_=adv_li_tt","/title/tt0902952/?ref_=adv_li_tt","/title/tt4276868/?ref_=adv_li_tt","/title/tt2402539/?ref_=adv_li_tt","/title/tt1861279/?ref_=adv_li_tt","/title/tt0051746/?ref_=adv_li_tt","/title/tt6119906/?ref_=adv_li_tt","/title/tt1697878/?ref_=adv_li_tt","/title/tt2292182/?ref_=adv_li_tt","/title/tt3374866/?ref_=adv_li_tt","/title/tt0469062/?ref_=adv_li_tt","/title/tt2402194/?ref_=adv_li_tt","/title/tt5052966/?ref_=adv_li_tt","/title/tt4081012/?ref_=adv_li_tt","/title/tt1334558/?ref_=adv_li_tt","/title/tt1855371/?ref_=adv_li_tt","/title/tt5162476/?ref_=adv_li_tt","/title/tt0214874/?ref_=adv_li_tt","/title/tt1430836/?ref_=adv_li_tt","/title/tt0202114/?ref_=adv_li_tt","/title/tt5566778/?ref_=adv_li_tt","/title/tt0049615/?ref_=adv_li_tt","/title/tt7379906/?ref_=adv_li_tt","/title/tt0260411/?ref_=adv_li_tt","/title/tt7335324/?ref_=adv_li_tt","/title/tt0086486/?ref_=adv_li_tt","/title/tt0321961/?ref_=adv_li_tt","/title/tt3581478/?ref_=adv_li_tt","/title/tt0367854/?ref_=adv_li_tt","/title/tt0101577/?ref_=adv_li_tt","/title/tt0876109/?ref_=adv_li_tt","/title/tt1078899/?ref_=adv_li_tt","/title/tt5096726/?ref_=adv_li_tt","/title/tt1806906/?ref_=adv_li_tt","/title/tt0058427/?ref_=adv_li_tt","/title/tt5439612/?ref_=adv_li_tt","/title/tt0147374/?ref_=adv_li_tt","/title/tt3070002/?ref_=adv_li_tt","/title/tt0914372/?ref_=adv_li_tt","/title/tt0060049/?ref_=adv_li_tt","/title/tt0493404/?ref_=adv_li_tt","/title/tt3844084/?ref_=adv_li_tt","/title/tt1727258/?ref_=adv_li_tt","/title/tt0940502/?ref_=adv_li_tt","/title/tt1720172/?ref_=adv_li_tt","/title/tt0089185/?ref_=adv_li_tt","/title/tt1003005/?ref_=adv_li_tt","/title/tt2292326/?ref_=adv_li_tt","/title/tt1502402/?ref_=adv_li_tt","/title/tt2776354/?ref_=adv_li_tt","/title/tt1514043/?ref_=adv_li_tt","/title/tt0923683/?ref_=adv_li_tt","/title/tt3751126/?ref_=adv_li_tt","/title/tt2951396/?ref_=adv_li_tt","/title/tt2355462/?ref_=adv_li_tt","/title/tt0052609/?ref_=adv_li_tt","/title/tt0068186/?ref_=adv_li_tt","/title/tt0932986/?ref_=adv_li_tt","/title/tt2381355/?ref_=adv_li_tt","/title/tt1209361/?ref_=adv_li_tt","/title/tt0448400/?ref_=adv_li_tt","/title/tt6628228/?ref_=adv_li_tt","/title/tt1078298/?ref_=adv_li_tt","/title/tt4397378/?ref_=adv_li_tt","/title/tt0374718/?ref_=adv_li_tt","/title/tt1425253/?ref_=adv_li_tt","/title/tt1073240/?ref_=adv_li_tt","/title/tt2805748/?ref_=adv_li_tt","/title/tt0090093/?ref_=adv_li_tt","/title/tt6715230/?ref_=adv_li_tt","/title/tt0092673/?ref_=adv_li_tt","/title/tt0071718/?ref_=adv_li_tt","/title/tt1456940/?ref_=adv_li_tt","/title/tt1295053/?ref_=adv_li_tt","/title/tt2943946/?ref_=adv_li_tt","/title/tt0037098/?ref_=adv_li_tt","/title/tt0079917/?ref_=adv_li_tt","/title/tt2028526/?ref_=adv_li_tt","/title/tt4859032/?ref_=adv_li_tt","/title/tt1456949/?ref_=adv_li_tt","/title/tt0080827/?ref_=adv_li_tt","/title/tt3666644/?ref_=adv_li_tt","/title/tt6345080/?ref_=adv_li_tt","/title/tt1623649/?ref_=adv_li_tt","/title/tt0094041/?ref_=adv_li_tt","/title/tt4626898/?ref_=adv_li_tt","/title/tt0387724/?ref_=adv_li_tt","/title/tt1815746/?ref_=adv_li_tt","/title/tt0080066/?ref_=adv_li_tt","/title/tt0059076/?ref_=adv_li_tt","/title/tt1160374/?ref_=adv_li_tt","/title/tt2798680/?ref_=adv_li_tt","/title/tt6317972/?ref_=adv_li_tt","/title/tt1808221/?ref_=adv_li_tt","/title/tt7114588/?ref_=adv_li_tt","/title/tt6267580/?ref_=adv_li_tt","/title/tt0130633/?ref_=adv_li_tt","/title/tt6736282/?ref_=adv_li_tt","/title/tt4967920/?ref_=adv_li_tt","/title/tt1140939/?ref_=adv_li_tt","/title/tt0085518/?ref_=adv_li_tt","/title/tt7021758/?ref_=adv_li_tt","/title/tt6754750/?ref_=adv_li_tt","/title/tt1277125/?ref_=adv_li_tt","/title/tt0189456/?ref_=adv_li_tt","/title/tt0122070/?ref_=adv_li_tt","/title/tt3567546/?ref_=adv_li_tt","/title/tt0221097/?ref_=adv_li_tt","/title/tt0286594/?ref_=adv_li_tt","/title/tt1879012/?ref_=adv_li_tt","/title/tt5226192/?ref_=adv_li_tt","/title/tt3400980/?ref_=adv_li_tt","/title/tt0069316/?ref_=adv_li_tt","/title/tt0106262/?ref_=adv_li_tt","/title/tt0018770/?ref_=adv_li_tt","/title/tt4933472/?ref_=adv_li_tt","/title/tt1377379/?ref_=adv_li_tt","/title/tt0113224/?ref_=adv_li_tt","/title/tt1728976/?ref_=adv_li_tt","/title/tt5006060/?ref_=adv_li_tt","/title/tt0460777/?ref_=adv_li_tt","/title/tt0161942/?ref_=adv_li_tt","/title/tt1444258/?ref_=adv_li_tt","/title/tt6289292/?ref_=adv_li_tt","/title/tt4282872/?ref_=adv_li_tt","/title/tt2396396/?ref_=adv_li_tt","/title/tt0897403/?ref_=adv_li_tt","/title/tt6027642/?ref_=adv_li_tt","/title/tt0159391/?ref_=adv_li_tt","/title/tt0818123/?ref_=adv_li_tt","/title/tt0082821/?ref_=adv_li_tt","/title/tt0069933/?ref_=adv_li_tt","/title/tt0241073/?ref_=adv_li_tt","/title/tt0906005/?ref_=adv_li_tt","/title/tt1369571/?ref_=adv_li_tt","/title/tt2923936/?ref_=adv_li_tt","/title/tt0836683/?ref_=adv_li_tt","/title/tt0169005/?ref_=adv_li_tt","/title/tt0058753/?ref_=adv_li_tt","/title/tt3747550/?ref_=adv_li_tt","/title/tt0870958/?ref_=adv_li_tt","/title/tt7379682/?ref_=adv_li_tt","/title/tt2520678/?ref_=adv_li_tt","/title/tt2932532/?ref_=adv_li_tt","/title/tt3741188/?ref_=adv_li_tt","/title/tt3205438/?ref_=adv_li_tt","/title/tt1733578/?ref_=adv_li_tt","/title/tt3625970/?ref_=adv_li_tt","/title/tt5563194/?ref_=adv_li_tt","/title/tt0060831/?ref_=adv_li_tt","/title/tt0135165/?ref_=adv_li_tt","/title/tt0051755/?ref_=adv_li_tt","/title/tt0047579/?ref_=adv_li_tt","/title/tt0109551/?ref_=adv_li_tt","/title/tt3968004/?ref_=adv_li_tt","/title/tt4689996/?ref_=adv_li_tt","/title/tt4412268/?ref_=adv_li_tt","/title/tt1301958/?ref_=adv_li_tt","/title/tt6483422/?ref_=adv_li_tt","/title/tt0815258/?ref_=adv_li_tt","/title/tt2257436/?ref_=adv_li_tt","/title/tt4011010/?ref_=adv_li_tt","/title/tt0484090/?ref_=adv_li_tt","/title/tt7534328/?ref_=adv_li_tt","/title/tt0038934/?ref_=adv_li_tt","/title/tt0078930/?ref_=adv_li_tt","/title/tt0409999/?ref_=adv_li_tt","/title/tt0239548/?ref_=adv_li_tt","/title/tt0282179/?ref_=adv_li_tt","/title/tt6120354/?ref_=adv_li_tt","/title/tt0284946/?ref_=adv_li_tt","/title/tt7666974/?ref_=adv_li_tt","/title/tt1453409/?ref_=adv_li_tt","/title/tt0069840/?ref_=adv_li_tt","/title/tt1331294/?ref_=adv_li_tt","/title/tt0082273/?ref_=adv_li_tt","/title/tt5555174/?ref_=adv_li_tt","/title/tt0074356/?ref_=adv_li_tt","/title/tt7631320/?ref_=adv_li_tt","/title/tt7157506/?ref_=adv_li_tt","/title/tt0350279/?ref_=adv_li_tt","/title/tt4117510/?ref_=adv_li_tt","/title/tt1382727/?ref_=adv_li_tt","/title/tt3894094/?ref_=adv_li_tt","/title/tt3482798/?ref_=adv_li_tt","/title/tt1266121/?ref_=adv_li_tt","/title/tt4237028/?ref_=adv_li_tt","/title/tt0469683/?ref_=adv_li_tt","/title/tt1152827/?ref_=adv_li_tt","/title/tt0135316/?ref_=adv_li_tt","/title/tt0094713/?ref_=adv_li_tt","/title/tt0103600/?ref_=adv_li_tt","/title/tt0937352/?ref_=adv_li_tt","/title/tt0054240/?ref_=adv_li_tt","/title/tt0193318/?ref_=adv_li_tt","/title/tt0301989/?ref_=adv_li_tt","/title/tt3276518/?ref_=adv_li_tt","/title/tt7085724/?ref_=adv_li_tt","/title/tt0069046/?ref_=adv_li_tt","/title/tt0298602/?ref_=adv_li_tt","/title/tt1468381/?ref_=adv_li_tt","/title/tt0082565/?ref_=adv_li_tt","/title/tt3948882/?ref_=adv_li_tt","/title/tt0074687/?ref_=adv_li_tt","/title/tt1584730/?ref_=adv_li_tt","/title/tt0095120/?ref_=adv_li_tt","/title/tt0819093/?ref_=adv_li_tt","/title/tt2030353/?ref_=adv_li_tt","/title/tt2523426/?ref_=adv_li_tt","/title/tt0396456/?ref_=adv_li_tt","/title/tt0116446/?ref_=adv_li_tt","/title/tt0437484/?ref_=adv_li_tt","/title/tt2100816/?ref_=adv_li_tt","/title/tt7476416/?ref_=adv_li_tt","/title/tt0283974/?ref_=adv_li_tt","/title/tt0309832/?ref_=adv_li_tt","/title/tt0430239/?ref_=adv_li_tt","/title/tt5056154/?ref_=adv_li_tt","/title/tt0827735/?ref_=adv_li_tt","/title/tt5738830/?ref_=adv_li_tt","/title/tt0116390/?ref_=adv_li_tt","/title/tt0074390/?ref_=adv_li_tt","/title/tt2731970/?ref_=adv_li_tt","/title/tt3331402/?ref_=adv_li_tt","/title/tt0062453/?ref_=adv_li_tt","/title/tt5859352/?ref_=adv_li_tt","/title/tt0060865/?ref_=adv_li_tt","/title/tt1650537/?ref_=adv_li_tt","/title/tt0115006/?ref_=adv_li_tt","/title/tt0072189/?ref_=adv_li_tt","/title/tt0124012/?ref_=adv_li_tt","/title/tt2125472/?ref_=adv_li_tt","/title/tt1389648/?ref_=adv_li_tt","/title/tt0195248/?ref_=adv_li_tt","/title/tt4007068/?ref_=adv_li_tt","/title/tt3237826/?ref_=adv_li_tt","/title/tt5283288/?ref_=adv_li_tt","/title/tt7013488/?ref_=adv_li_tt","/title/tt4485806/?ref_=adv_li_tt","/title/tt1522262/?ref_=adv_li_tt","/title/tt0452668/?ref_=adv_li_tt","/title/tt1786635/?ref_=adv_li_tt","/title/tt0443594/?ref_=adv_li_tt","/title/tt0167147/?ref_=adv_li_tt","/title/tt0303037/?ref_=adv_li_tt","/title/tt1421035/?ref_=adv_li_tt","/title/tt3427376/?ref_=adv_li_tt","/title/tt3538666/?ref_=adv_li_tt","/title/tt0110530/?ref_=adv_li_tt","/title/tt7950286/?ref_=adv_li_tt","/title/tt3895908/?ref_=adv_li_tt","/title/tt0053961/?ref_=adv_li_tt","/title/tt0156658/?ref_=adv_li_tt","/title/tt5980232/?ref_=adv_li_tt","/title/tt5463378/?ref_=adv_li_tt","/title/tt5215606/?ref_=adv_li_tt","/title/tt0457295/?ref_=adv_li_tt","/title/tt0412022/?ref_=adv_li_tt","/title/tt0078806/?ref_=adv_li_tt","/title/tt2581480/?ref_=adv_li_tt","/title/tt0494228/?ref_=adv_li_tt","/title/tt0068596/?ref_=adv_li_tt","/title/tt7140554/?ref_=adv_li_tt","/title/tt0074419/?ref_=adv_li_tt","/title/tt0092865/?ref_=adv_li_tt","/title/tt0083185/?ref_=adv_li_tt","/title/tt5157030/?ref_=adv_li_tt","/title/tt0478165/?ref_=adv_li_tt","/title/tt0052718/?ref_=adv_li_tt","/title/tt2715702/?ref_=adv_li_tt","/title/tt1228963/?ref_=adv_li_tt","/title/tt4884602/?ref_=adv_li_tt","/title/tt0113349/?ref_=adv_li_tt","/title/tt2662764/?ref_=adv_li_tt","/title/tt4043502/?ref_=adv_li_tt","/title/tt3281506/?ref_=adv_li_tt","/title/tt0043539/?ref_=adv_li_tt","/title/tt1347258/?ref_=adv_li_tt","/title/tt0311018/?ref_=adv_li_tt","/title/tt5037358/?ref_=adv_li_tt","/title/tt5296086/?ref_=adv_li_tt","/title/tt7520184/?ref_=adv_li_tt","/title/tt1891747/?ref_=adv_li_tt","/title/tt3625952/?ref_=adv_li_tt","/title/tt2180333/?ref_=adv_li_tt","/title/tt4076916/?ref_=adv_li_tt","/title/tt0078077/?ref_=adv_li_tt","/title/tt0425638/?ref_=adv_li_tt","/title/tt1104102/?ref_=adv_li_tt","/title/tt0111082/?ref_=adv_li_tt","/title/tt0070869/?ref_=adv_li_tt","/title/tt4922028/?ref_=adv_li_tt","/title/tt0073882/?ref_=adv_li_tt","/title/tt1097017/?ref_=adv_li_tt","/title/tt0098157/?ref_=adv_li_tt","/title/tt0138459/?ref_=adv_li_tt","/title/tt7856386/?ref_=adv_li_tt","/title/tt7975674/?ref_=adv_li_tt","/title/tt3038808/?ref_=adv_li_tt","/title/tt2297108/?ref_=adv_li_tt","/title/tt6389802/?ref_=adv_li_tt","/title/tt2953092/?ref_=adv_li_tt","/title/tt2076372/?ref_=adv_li_tt","/title/tt1093369/?ref_=adv_li_tt","/title/tt7897150/?ref_=adv_li_tt","/title/tt0036376/?ref_=adv_li_tt","/title/tt0462359/?ref_=adv_li_tt","/title/tt4686666/?ref_=adv_li_tt","/title/tt0052289/?ref_=adv_li_tt","/title/tt2300913/?ref_=adv_li_tt","/title/tt0155578/?ref_=adv_li_tt","/title/tt0195165/?ref_=adv_li_tt","/title/tt3369676/?ref_=adv_li_tt","/title/tt0183492/?ref_=adv_li_tt","/title/tt0061494/?ref_=adv_li_tt","/title/tt5797652/?ref_=adv_li_tt","/title/tt0000091/?ref_=adv_li_tt","/title/tt0052379/?ref_=adv_li_tt","/title/tt0061412/?ref_=adv_li_tt","/title/tt3084022/?ref_=adv_li_tt","/title/tt1630657/?ref_=adv_li_tt","/title/tt0094620/?ref_=adv_li_tt","/title/tt1192613/?ref_=adv_li_tt","/title/tt0324700/?ref_=adv_li_tt","/title/tt0092625/?ref_=adv_li_tt","/title/tt4301628/?ref_=adv_li_tt","/title/tt0896040/?ref_=adv_li_tt","/title/tt3886444/?ref_=adv_li_tt","/title/tt4363990/?ref_=adv_li_tt","/title/tt0402249/?ref_=adv_li_tt","/title/tt6296094/?ref_=adv_li_tt","/title/tt0398378/?ref_=adv_li_tt","/title/tt1190074/?ref_=adv_li_tt","/title/tt4943620/?ref_=adv_li_tt","/title/tt0993840/?ref_=adv_li_tt","/title/tt5715234/?ref_=adv_li_tt","/title/tt0033397/?ref_=adv_li_tt","/title/tt1763256/?ref_=adv_li_tt","/title/tt0780485/?ref_=adv_li_tt","/title/tt3921348/?ref_=adv_li_tt","/title/tt3952162/?ref_=adv_li_tt","/title/tt1094295/?ref_=adv_li_tt","/title/tt0125510/?ref_=adv_li_tt","/title/tt0382443/?ref_=adv_li_tt","/title/tt7481318/?ref_=adv_li_tt","/title/tt0097982/?ref_=adv_li_tt","/title/tt0930072/?ref_=adv_li_tt","/title/tt0304166/?ref_=adv_li_tt","/title/tt4513878/?ref_=adv_li_tt","/title/tt5465374/?ref_=adv_li_tt","/title/tt2516500/?ref_=adv_li_tt","/title/tt0079075/?ref_=adv_li_tt","/title/tt0934533/?ref_=adv_li_tt","/title/tt3552592/?ref_=adv_li_tt","/title/tt5791732/?ref_=adv_li_tt","/title/tt0223777/?ref_=adv_li_tt","/title/tt0100688/?ref_=adv_li_tt","/title/tt0852726/?ref_=adv_li_tt","/title/tt1305669/?ref_=adv_li_tt","/title/tt2112307/?ref_=adv_li_tt","/title/tt3138024/?ref_=adv_li_tt","/title/tt1288645/?ref_=adv_li_tt","/title/tt0282163/?ref_=adv_li_tt","/title/tt1894479/?ref_=adv_li_tt","/title/tt0092870/?ref_=adv_li_tt","/title/tt0059100/?ref_=adv_li_tt","/title/tt0102994/?ref_=adv_li_tt","/title/tt0089547/?ref_=adv_li_tt","/title/tt0058622/?ref_=adv_li_tt","/title/tt6068978/?ref_=adv_li_tt","/title/tt5776052/?ref_=adv_li_tt","/title/tt1132130/?ref_=adv_li_tt","/title/tt6409782/?ref_=adv_li_tt","/title/tt0973790/?ref_=adv_li_tt","/title/tt3884282/?ref_=adv_li_tt","/title/tt0200800/?ref_=adv_li_tt","/title/tt3717864/?ref_=adv_li_tt","/title/tt0075990/?ref_=adv_li_tt","/title/tt2950996/?ref_=adv_li_tt","/title/tt1734428/?ref_=adv_li_tt","/title/tt0348662/?ref_=adv_li_tt","/title/tt0439615/?ref_=adv_li_tt","/title/tt0032390/?ref_=adv_li_tt","/title/tt2322036/?ref_=adv_li_tt","/title/tt4844346/?ref_=adv_li_tt","/title/tt2791290/?ref_=adv_li_tt","/title/tt5222646/?ref_=adv_li_tt","/title/tt0300222/?ref_=adv_li_tt","/title/tt7445682/?ref_=adv_li_tt","/title/tt2320030/?ref_=adv_li_tt","/title/tt1795050/?ref_=adv_li_tt","/title/tt4225040/?ref_=adv_li_tt","/title/tt0024382/?ref_=adv_li_tt","/title/tt1929310/?ref_=adv_li_tt","/title/tt0199772/?ref_=adv_li_tt","/title/tt1078931/?ref_=adv_li_tt","/title/tt2820008/?ref_=adv_li_tt","/title/tt2882854/?ref_=adv_li_tt","/title/tt4321306/?ref_=adv_li_tt","/title/tt3995140/?ref_=adv_li_tt","/title/tt4209590/?ref_=adv_li_tt","/title/tt1582213/?ref_=adv_li_tt","/title/tt0116356/?ref_=adv_li_tt","/title/tt5105452/?ref_=adv_li_tt","/title/tt0032215/?ref_=adv_li_tt","/title/tt0054111/?ref_=adv_li_tt","/title/tt0478216/?ref_=adv_li_tt","/title/tt0997143/?ref_=adv_li_tt","/title/tt7621284/?ref_=adv_li_tt","/title/tt4642386/?ref_=adv_li_tt","/title/tt1874649/?ref_=adv_li_tt","/title/tt2051999/?ref_=adv_li_tt","/title/tt4590974/?ref_=adv_li_tt","/title/tt0046066/?ref_=adv_li_tt","/title/tt6149120/?ref_=adv_li_tt","/title/tt2186723/?ref_=adv_li_tt","/title/tt2544472/?ref_=adv_li_tt","/title/tt0843302/?ref_=adv_li_tt","/title/tt7488948/?ref_=adv_li_tt","/title/tt3770174/?ref_=adv_li_tt","/title/tt2132453/?ref_=adv_li_tt","/title/tt3288992/?ref_=adv_li_tt","/title/tt0292634/?ref_=adv_li_tt","/title/tt4839476/?ref_=adv_li_tt","/title/tt4887028/?ref_=adv_li_tt","/title/tt2672180/?ref_=adv_li_tt","/title/tt0086428/?ref_=adv_li_tt","/title/tt4410018/?ref_=adv_li_tt","/title/tt5139362/?ref_=adv_li_tt","/title/tt0102067/?ref_=adv_li_tt","/title/tt0052228/?ref_=adv_li_tt","/title/tt5611432/?ref_=adv_li_tt","/title/tt0159693/?ref_=adv_li_tt","/title/tt6942450/?ref_=adv_li_tt","/title/tt5777418/?ref_=adv_li_tt","/title/tt0892864/?ref_=adv_li_tt","/title/tt3132450/?ref_=adv_li_tt","/title/tt0099030/?ref_=adv_li_tt","/title/tt0067948/?ref_=adv_li_tt","/title/tt0092118/?ref_=adv_li_tt","/title/tt6044156/?ref_=adv_li_tt","/title/tt2089863/?ref_=adv_li_tt","/title/tt0051507/?ref_=adv_li_tt","/title/tt0386788/?ref_=adv_li_tt","/title/tt1523485/?ref_=adv_li_tt","/title/tt0057280/?ref_=adv_li_tt","/title/tt0076361/?ref_=adv_li_tt","/title/tt5209276/?ref_=adv_li_tt","/title/tt0174441/?ref_=adv_li_tt","/title/tt1017442/?ref_=adv_li_tt","/title/tt2349142/?ref_=adv_li_tt","/title/tt0462703/?ref_=adv_li_tt","/title/tt2413516/?ref_=adv_li_tt","/title/tt0082481/?ref_=adv_li_tt","/title/tt0804539/?ref_=adv_li_tt","/title/tt3449302/?ref_=adv_li_tt","/title/tt3662308/?ref_=adv_li_tt","/title/tt3662764/?ref_=adv_li_tt","/title/tt2368005/?ref_=adv_li_tt","/title/tt0444759/?ref_=adv_li_tt","/title/tt1864492/?ref_=adv_li_tt","/title/tt0465936/?ref_=adv_li_tt","/title/tt6147514/?ref_=adv_li_tt","/title/tt0033879/?ref_=adv_li_tt","/title/tt2189714/?ref_=adv_li_tt","/title/tt2558022/?ref_=adv_li_tt","/title/tt3298190/?ref_=adv_li_tt","/title/tt2435514/?ref_=adv_li_tt","/title/tt0096000/?ref_=adv_li_tt","/title/tt0069162/?ref_=adv_li_tt","/title/tt0100662/?ref_=adv_li_tt","/title/tt0081849/?ref_=adv_li_tt","/title/tt0212302/?ref_=adv_li_tt","/title/tt0892074/?ref_=adv_li_tt","/title/tt0067386/?ref_=adv_li_tt","/title/tt3257072/?ref_=adv_li_tt","/title/tt1612611/?ref_=adv_li_tt","/title/tt0066475/?ref_=adv_li_tt","/title/tt0094632/?ref_=adv_li_tt","/title/tt2063008/?ref_=adv_li_tt","/title/tt1411236/?ref_=adv_li_tt","/title/tt4958596/?ref_=adv_li_tt","/title/tt2787824/?ref_=adv_li_tt","/title/tt1621418/?ref_=adv_li_tt","/title/tt4852174/?ref_=adv_li_tt","/title/tt0072792/?ref_=adv_li_tt","/title/tt6410534/?ref_=adv_li_tt","/title/tt5103670/?ref_=adv_li_tt","/title/tt0379226/?ref_=adv_li_tt","/title/tt4878696/?ref_=adv_li_tt","/title/tt1267500/?ref_=adv_li_tt","/title/tt2649680/?ref_=adv_li_tt","/title/tt3853386/?ref_=adv_li_tt","/title/tt1808477/?ref_=adv_li_tt","/title/tt1204828/?ref_=adv_li_tt","/title/tt3904952/?ref_=adv_li_tt","/title/tt3259320/?ref_=adv_li_tt","/title/tt0109858/?ref_=adv_li_tt","/title/tt0243428/?ref_=adv_li_tt","/title/tt7640476/?ref_=adv_li_tt","/title/tt0270393/?ref_=adv_li_tt","/title/tt0069041/?ref_=adv_li_tt","/title/tt1068961/?ref_=adv_li_tt","/title/tt0069738/?ref_=adv_li_tt","/title/tt1410046/?ref_=adv_li_tt","/title/tt3027188/?ref_=adv_li_tt","/title/tt0088392/?ref_=adv_li_tt","/title/tt4082644/?ref_=adv_li_tt","/title/tt0075620/?ref_=adv_li_tt","/title/tt1176416/?ref_=adv_li_tt","/title/tt0131510/?ref_=adv_li_tt","/title/tt0412540/?ref_=adv_li_tt","/title/tt1710621/?ref_=adv_li_tt","/title/tt1261046/?ref_=adv_li_tt","/title/tt0350663/?ref_=adv_li_tt","/title/tt0474791/?ref_=adv_li_tt","/title/tt0063764/?ref_=adv_li_tt","/title/tt0077429/?ref_=adv_li_tt","/title/tt3796936/?ref_=adv_li_tt","/title/tt2569548/?ref_=adv_li_tt","/title/tt5501124/?ref_=adv_li_tt","/title/tt0071167/?ref_=adv_li_tt","/title/tt0462193/?ref_=adv_li_tt","/title/tt1986785/?ref_=adv_li_tt","/title/tt2328505/?ref_=adv_li_tt","/title/tt7560830/?ref_=adv_li_tt","/title/tt1723108/?ref_=adv_li_tt","/title/tt1326260/?ref_=adv_li_tt","/title/tt2565974/?ref_=adv_li_tt","/title/tt5953378/?ref_=adv_li_tt","/title/tt0080054/?ref_=adv_li_tt","/title/tt0072392/?ref_=adv_li_tt","/title/tt0138094/?ref_=adv_li_tt","/title/tt1096991/?ref_=adv_li_tt","/title/tt0065513/?ref_=adv_li_tt","/title/tt0495824/?ref_=adv_li_tt","/title/tt0450004/?ref_=adv_li_tt","/title/tt0455140/?ref_=adv_li_tt","/title/tt0073208/?ref_=adv_li_tt","/title/tt0059837/?ref_=adv_li_tt","/title/tt7972178/?ref_=adv_li_tt","/title/tt4102346/?ref_=adv_li_tt","/title/tt5503824/?ref_=adv_li_tt","/title/tt0067977/?ref_=adv_li_tt","/title/tt3113782/?ref_=adv_li_tt","/title/tt0116503/?ref_=adv_li_tt","/title/tt1144797/?ref_=adv_li_tt","/title/tt5518652/?ref_=adv_li_tt","/title/tt0071465/?ref_=adv_li_tt","/title/tt3898776/?ref_=adv_li_tt","/title/tt1198333/?ref_=adv_li_tt","/title/tt0077888/?ref_=adv_li_tt","/title/tt3441228/?ref_=adv_li_tt","/title/tt1941600/?ref_=adv_li_tt","/title/tt3070506/?ref_=adv_li_tt","/title/tt1347007/?ref_=adv_li_tt","/title/tt1297456/?ref_=adv_li_tt","/title/tt2574666/?ref_=adv_li_tt","/title/tt0067828/?ref_=adv_li_tt","/title/tt0070599/?ref_=adv_li_tt","/title/tt6920220/?ref_=adv_li_tt","/title/tt0097768/?ref_=adv_li_tt","/title/tt0080346/?ref_=adv_li_tt","/title/tt0329589/?ref_=adv_li_tt","/title/tt4065066/?ref_=adv_li_tt","/title/tt2516966/?ref_=adv_li_tt","/title/tt6083146/?ref_=adv_li_tt","/title/tt0037711/?ref_=adv_li_tt","/title/tt3523852/?ref_=adv_li_tt","/title/tt2908090/?ref_=adv_li_tt","/title/tt3713326/?ref_=adv_li_tt","/title/tt1139783/?ref_=adv_li_tt","/title/tt0476649/?ref_=adv_li_tt","/title/tt4454930/?ref_=adv_li_tt","/title/tt0087123/?ref_=adv_li_tt","/title/tt0067929/?ref_=adv_li_tt","/title/tt0051134/?ref_=adv_li_tt","/title/tt5858650/?ref_=adv_li_tt","/title/tt2232322/?ref_=adv_li_tt","/title/tt0260162/?ref_=adv_li_tt","/title/tt0051150/?ref_=adv_li_tt","/title/tt0050281/?ref_=adv_li_tt","/title/tt3390668/?ref_=adv_li_tt","/title/tt1218509/?ref_=adv_li_tt","/title/tt0475289/?ref_=adv_li_tt","/title/tt0234817/?ref_=adv_li_tt","/title/tt6494542/?ref_=adv_li_tt","/title/tt0127503/?ref_=adv_li_tt","/title/tt0370082/?ref_=adv_li_tt","/title/tt0389997/?ref_=adv_li_tt","/title/tt0052378/?ref_=adv_li_tt","/title/tt0071535/?ref_=adv_li_tt","/title/tt0037151/?ref_=adv_li_tt","/title/tt0324723/?ref_=adv_li_tt","/title/tt3976044/?ref_=adv_li_tt","/title/tt0326820/?ref_=adv_li_tt","/title/tt1686327/?ref_=adv_li_tt","/title/tt1319736/?ref_=adv_li_tt","/title/tt0488164/?ref_=adv_li_tt","/title/tt1033472/?ref_=adv_li_tt","/title/tt0420158/?ref_=adv_li_tt","/title/tt1514044/?ref_=adv_li_tt","/title/tt2529940/?ref_=adv_li_tt","/title/tt0280462/?ref_=adv_li_tt","/title/tt1470022/?ref_=adv_li_tt","/title/tt7319464/?ref_=adv_li_tt","/title/tt0094271/?ref_=adv_li_tt","/title/tt0054346/?ref_=adv_li_tt","/title/tt1718755/?ref_=adv_li_tt","/title/tt4287470/?ref_=adv_li_tt","/title/tt2082408/?ref_=adv_li_tt","/title/tt2382004/?ref_=adv_li_tt","/title/tt2172055/?ref_=adv_li_tt","/title/tt0119819/?ref_=adv_li_tt","/title/tt6389600/?ref_=adv_li_tt","/title/tt0299285/?ref_=adv_li_tt","/title/tt0070013/?ref_=adv_li_tt","/title/tt3400060/?ref_=adv_li_tt","/title/tt1767272/?ref_=adv_li_tt","/title/tt0061557/?ref_=adv_li_tt","/title/tt5933706/?ref_=adv_li_tt","/title/tt0057924/?ref_=adv_li_tt","/title/tt0328720/?ref_=adv_li_tt","/title/tt7052228/?ref_=adv_li_tt","/title/tt5755816/?ref_=adv_li_tt","/title/tt1313244/?ref_=adv_li_tt","/title/tt0027800/?ref_=adv_li_tt","/title/tt4887842/?ref_=adv_li_tt","/title/tt0140614/?ref_=adv_li_tt","/title/tt0407821/?ref_=adv_li_tt","/title/tt0918558/?ref_=adv_li_tt","/title/tt6314768/?ref_=adv_li_tt","/title/tt0069426/?ref_=adv_li_tt","/title/tt1230206/?ref_=adv_li_tt","/title/tt6874082/?ref_=adv_li_tt","/title/tt0358345/?ref_=adv_li_tt","/title/tt2141875/?ref_=adv_li_tt","/title/tt0075917/?ref_=adv_li_tt","/title/tt2043887/?ref_=adv_li_tt","/title/tt6667438/?ref_=adv_li_tt","/title/tt1264111/?ref_=adv_li_tt","/title/tt2084934/?ref_=adv_li_tt","/title/tt4165838/?ref_=adv_li_tt","/title/tt7737082/?ref_=adv_li_tt","/title/tt1703938/?ref_=adv_li_tt","/title/tt0481280/?ref_=adv_li_tt","/title/tt4791550/?ref_=adv_li_tt","/title/tt0449066/?ref_=adv_li_tt","/title/tt4096870/?ref_=adv_li_tt","/title/tt3293138/?ref_=adv_li_tt","/title/tt2343801/?ref_=adv_li_tt","/title/tt0095063/?ref_=adv_li_tt","/title/tt2004927/?ref_=adv_li_tt","/title/tt1430116/?ref_=adv_li_tt","/title/tt7329374/?ref_=adv_li_tt","/title/tt0826031/?ref_=adv_li_tt","/title/tt2283740/?ref_=adv_li_tt","/title/tt5478746/?ref_=adv_li_tt","/title/tt0083520/?ref_=adv_li_tt","/title/tt3316790/?ref_=adv_li_tt","/title/tt7898374/?ref_=adv_li_tt","/title/tt2318669/?ref_=adv_li_tt","/title/tt0134167/?ref_=adv_li_tt","/title/tt0415689/?ref_=adv_li_tt","/title/tt0147996/?ref_=adv_li_tt","/title/tt0051542/?ref_=adv_li_tt","/title/tt7108184/?ref_=adv_li_tt","/title/tt0255763/?ref_=adv_li_tt","/title/tt0485887/?ref_=adv_li_tt","/title/tt2566016/?ref_=adv_li_tt","/title/tt0081782/?ref_=adv_li_tt","/title/tt0221905/?ref_=adv_li_tt","/title/tt0265944/?ref_=adv_li_tt","/title/tt1941466/?ref_=adv_li_tt","/title/tt6044144/?ref_=adv_li_tt","/title/tt3788392/?ref_=adv_li_tt","/title/tt0382358/?ref_=adv_li_tt","/title/tt0112492/?ref_=adv_li_tt","/title/tt0098779/?ref_=adv_li_tt","/title/tt0028331/?ref_=adv_li_tt","/title/tt4572700/?ref_=adv_li_tt","/title/tt5916160/?ref_=adv_li_tt","/title/tt0331488/?ref_=adv_li_tt","/title/tt3345466/?ref_=adv_li_tt","/title/tt4232130/?ref_=adv_li_tt","/title/tt1118687/?ref_=adv_li_tt","/title/tt4482572/?ref_=adv_li_tt","/title/tt2833494/?ref_=adv_li_tt","/title/tt7493854/?ref_=adv_li_tt","/title/tt0046121/?ref_=adv_li_tt","/title/tt0177886/?ref_=adv_li_tt","/title/tt2369411/?ref_=adv_li_tt","/title/tt1844025/?ref_=adv_li_tt","/title/tt6028368/?ref_=adv_li_tt","/title/tt2267578/?ref_=adv_li_tt","/title/tt1278124/?ref_=adv_li_tt","/title/tt0121261/?ref_=adv_li_tt","/title/tt0102882/?ref_=adv_li_tt","/title/tt0382011/?ref_=adv_li_tt","/title/tt4562262/?ref_=adv_li_tt","/title/tt4863324/?ref_=adv_li_tt","/title/tt4423778/?ref_=adv_li_tt","/title/tt0810444/?ref_=adv_li_tt","/title/tt0300602/?ref_=adv_li_tt","/title/tt0086262/?ref_=adv_li_tt","/title/tt1266073/?ref_=adv_li_tt","/title/tt5015054/?ref_=adv_li_tt","/title/tt6685082/?ref_=adv_li_tt","/title/tt3450116/?ref_=adv_li_tt","/title/tt0046802/?ref_=adv_li_tt","/title/tt0086308/?ref_=adv_li_tt","/title/tt2121733/?ref_=adv_li_tt","/title/tt0120401/?ref_=adv_li_tt","/title/tt1325773/?ref_=adv_li_tt","/title/tt0928094/?ref_=adv_li_tt","/title/tt0337283/?ref_=adv_li_tt","/title/tt0220806/?ref_=adv_li_tt","/title/tt1129412/?ref_=adv_li_tt","/title/tt2123170/?ref_=adv_li_tt","/title/tt0488536/?ref_=adv_li_tt","/title/tt4388650/?ref_=adv_li_tt","/title/tt2354196/?ref_=adv_li_tt","/title/tt2178915/?ref_=adv_li_tt","/title/tt0473105/?ref_=adv_li_tt","/title/tt2216212/?ref_=adv_li_tt","/title/tt0011565/?ref_=adv_li_tt","/title/tt3072504/?ref_=adv_li_tt","/title/tt7741530/?ref_=adv_li_tt","/title/tt2131644/?ref_=adv_li_tt","/title/tt0068371/?ref_=adv_li_tt","/title/tt5774012/?ref_=adv_li_tt","/title/tt0871437/?ref_=adv_li_tt","/title/tt0066144/?ref_=adv_li_tt","/title/tt0051020/?ref_=adv_li_tt","/title/tt0124777/?ref_=adv_li_tt","/title/tt2630184/?ref_=adv_li_tt","/title/tt4986280/?ref_=adv_li_tt","/title/tt3043590/?ref_=adv_li_tt","/title/tt1223980/?ref_=adv_li_tt","/title/tt1034447/?ref_=adv_li_tt","/title/tt0053095/?ref_=adv_li_tt","/title/tt0026406/?ref_=adv_li_tt","/title/tt2806258/?ref_=adv_li_tt","/title/tt0074769/?ref_=adv_li_tt","/title/tt7286836/?ref_=adv_li_tt","/title/tt0285312/?ref_=adv_li_tt","/title/tt1629375/?ref_=adv_li_tt","/title/tt6793180/?ref_=adv_li_tt","/title/tt4818836/?ref_=adv_li_tt","/title/tt0032258/?ref_=adv_li_tt","/title/tt4666696/?ref_=adv_li_tt","/title/tt0100205/?ref_=adv_li_tt","/title/tt0449004/?ref_=adv_li_tt","/title/tt0800361/?ref_=adv_li_tt","/title/tt4138488/?ref_=adv_li_tt","/title/tt0033787/?ref_=adv_li_tt","/title/tt0237934/?ref_=adv_li_tt","/title/tt5276650/?ref_=adv_li_tt","/title/tt0107319/?ref_=adv_li_tt","/title/tt1957886/?ref_=adv_li_tt","/title/tt1588886/?ref_=adv_li_tt","/title/tt0038387/?ref_=adv_li_tt","/title/tt2794596/?ref_=adv_li_tt","/title/tt4454834/?ref_=adv_li_tt","/title/tt1515199/?ref_=adv_li_tt","/title/tt0221928/?ref_=adv_li_tt","/title/tt4659574/?ref_=adv_li_tt","/title/tt3150796/?ref_=adv_li_tt","/title/tt3243464/?ref_=adv_li_tt","/title/tt0050531/?ref_=adv_li_tt","/title/tt3684484/?ref_=adv_li_tt","/title/tt0066600/?ref_=adv_li_tt","/title/tt0073997/?ref_=adv_li_tt","/title/tt0084658/?ref_=adv_li_tt","/title/tt0094671/?ref_=adv_li_tt","/title/tt6130118/?ref_=adv_li_tt","/title/tt0095984/?ref_=adv_li_tt","/title/tt1869803/?ref_=adv_li_tt","/title/tt0101244/?ref_=adv_li_tt","/title/tt0436722/?ref_=adv_li_tt","/title/tt5937940/?ref_=adv_li_tt","/title/tt0049944/?ref_=adv_li_tt","/title/tt0103077/?ref_=adv_li_tt","/title/tt0462516/?ref_=adv_li_tt","/title/tt6085412/?ref_=adv_li_tt","/title/tt0095557/?ref_=adv_li_tt","/title/tt1760998/?ref_=adv_li_tt","/title/tt5580688/?ref_=adv_li_tt","/title/tt2938230/?ref_=adv_li_tt","/title/tt3158830/?ref_=adv_li_tt","/title/tt0103652/?ref_=adv_li_tt","/title/tt6839538/?ref_=adv_li_tt","/title/tt0113449/?ref_=adv_li_tt","/title/tt1648194/?ref_=adv_li_tt","/title/tt3718824/?ref_=adv_li_tt","/title/tt4514606/?ref_=adv_li_tt","/title/tt2119404/?ref_=adv_li_tt","/title/tt0086930/?ref_=adv_li_tt","/title/tt5503826/?ref_=adv_li_tt","/title/tt1627926/?ref_=adv_li_tt","/title/tt6704988/?ref_=adv_li_tt","/title/tt0057646/?ref_=adv_li_tt","/title/tt3172678/?ref_=adv_li_tt","/title/tt0157102/?ref_=adv_li_tt","/title/tt0000211/?ref_=adv_li_tt","/title/tt0070908/?ref_=adv_li_tt","/title/tt0078277/?ref_=adv_li_tt","/title/tt0094730/?ref_=adv_li_tt","/title/tt0051173/?ref_=adv_li_tt","/title/tt0158420/?ref_=adv_li_tt","/title/tt0215926/?ref_=adv_li_tt","/title/tt0094327/?ref_=adv_li_tt","/title/tt0371954/?ref_=adv_li_tt","/title/tt3892620/?ref_=adv_li_tt","/title/tt3341832/?ref_=adv_li_tt","/title/tt2330380/?ref_=adv_li_tt","/title/tt5811242/?ref_=adv_li_tt","/title/tt7158196/?ref_=adv_li_tt","/title/tt1110048/?ref_=adv_li_tt","/title/tt0107448/?ref_=adv_li_tt","/title/tt3669462/?ref_=adv_li_tt","/title/tt0291868/?ref_=adv_li_tt","/title/tt6097690/?ref_=adv_li_tt","/title/tt0914805/?ref_=adv_li_tt","/title/tt4198034/?ref_=adv_li_tt","/title/tt1729107/?ref_=adv_li_tt","/title/tt1815776/?ref_=adv_li_tt","/title/tt0458361/?ref_=adv_li_tt","/title/tt1189914/?ref_=adv_li_tt","/title/tt0069732/?ref_=adv_li_tt","/title/tt7262990/?ref_=adv_li_tt","/title/tt0382735/?ref_=adv_li_tt","/title/tt0092676/?ref_=adv_li_tt","/title/tt5540658/?ref_=adv_li_tt","/title/tt0070039/?ref_=adv_li_tt","/title/tt6196598/?ref_=adv_li_tt","/title/tt1187042/?ref_=adv_li_tt","/title/tt4289434/?ref_=adv_li_tt","/title/tt0164393/?ref_=adv_li_tt","/title/tt0312358/?ref_=adv_li_tt","/title/tt0426556/?ref_=adv_li_tt","/title/tt0072270/?ref_=adv_li_tt","/title/tt2380250/?ref_=adv_li_tt","/title/tt2323912/?ref_=adv_li_tt","/title/tt2477290/?ref_=adv_li_tt","/title/tt0433482/?ref_=adv_li_tt","/title/tt0258523/?ref_=adv_li_tt","/title/tt1391579/?ref_=adv_li_tt","/title/tt0051205/?ref_=adv_li_tt","/title/tt0100586/?ref_=adv_li_tt","/title/tt6806736/?ref_=adv_li_tt","/title/tt1322306/?ref_=adv_li_tt","/title/tt7777074/?ref_=adv_li_tt","/title/tt0119055/?ref_=adv_li_tt","/title/tt0434670/?ref_=adv_li_tt","/title/tt2271245/?ref_=adv_li_tt","/title/tt0098600/?ref_=adv_li_tt","/title/tt0174834/?ref_=adv_li_tt","/title/tt2412064/?ref_=adv_li_tt","/title/tt0069375/?ref_=adv_li_tt","/title/tt1028525/?ref_=adv_li_tt","/title/tt1601215/?ref_=adv_li_tt","/title/tt0095344/?ref_=adv_li_tt","/title/tt1637712/?ref_=adv_li_tt","/title/tt5727136/?ref_=adv_li_tt","/title/tt0114896/?ref_=adv_li_tt","/title/tt4229432/?ref_=adv_li_tt","/title/tt3450134/?ref_=adv_li_tt","/title/tt1684548/?ref_=adv_li_tt","/title/tt2322415/?ref_=adv_li_tt","/title/tt1334105/?ref_=adv_li_tt","/title/tt0475590/?ref_=adv_li_tt","/title/tt0262001/?ref_=adv_li_tt","/title/tt1230211/?ref_=adv_li_tt","/title/tt3020786/?ref_=adv_li_tt","/title/tt0277412/?ref_=adv_li_tt","/title/tt2846600/?ref_=adv_li_tt","/title/tt0436359/?ref_=adv_li_tt","/title/tt0787485/?ref_=adv_li_tt","/title/tt0100881/?ref_=adv_li_tt","/title/tt2166500/?ref_=adv_li_tt","/title/tt0297780/?ref_=adv_li_tt","/title/tt1386583/?ref_=adv_li_tt","/title/tt5675828/?ref_=adv_li_tt","/title/tt0486480/?ref_=adv_li_tt","/title/tt0494815/?ref_=adv_li_tt","/title/tt2294855/?ref_=adv_li_tt","/title/tt5028388/?ref_=adv_li_tt","/title/tt1509125/?ref_=adv_li_tt","/title/tt7485004/?ref_=adv_li_tt","/title/tt0100765/?ref_=adv_li_tt","/title/tt2056535/?ref_=adv_li_tt","/title/tt0236126/?ref_=adv_li_tt","/title/tt0387549/?ref_=adv_li_tt","/title/tt1830402/?ref_=adv_li_tt","/title/tt0489279/?ref_=adv_li_tt","/title/tt4851476/?ref_=adv_li_tt","/title/tt1670387/?ref_=adv_li_tt","/title/tt1904850/?ref_=adv_li_tt","/title/tt3457486/?ref_=adv_li_tt","/title/tt0962740/?ref_=adv_li_tt","/title/tt0358767/?ref_=adv_li_tt","/title/tt0164879/?ref_=adv_li_tt","/title/tt6177452/?ref_=adv_li_tt","/title/tt0097942/?ref_=adv_li_tt","/title/tt0220333/?ref_=adv_li_tt","/title/tt2358806/?ref_=adv_li_tt","/title/tt0783492/?ref_=adv_li_tt","/title/tt2014296/?ref_=adv_li_tt","/title/tt0035009/?ref_=adv_li_tt","/title/tt0829251/?ref_=adv_li_tt","/title/tt0071391/?ref_=adv_li_tt","/title/tt0363737/?ref_=adv_li_tt","/title/tt5632104/?ref_=adv_li_tt","/title/tt4059696/?ref_=adv_li_tt","/title/tt3681440/?ref_=adv_li_tt","/title/tt0451085/?ref_=adv_li_tt","/title/tt1663696/?ref_=adv_li_tt","/title/tt0044078/?ref_=adv_li_tt","/title/tt0099059/?ref_=adv_li_tt","/title/tt0067721/?ref_=adv_li_tt","/title/tt0045436/?ref_=adv_li_tt","/title/tt4590904/?ref_=adv_li_tt","/title/tt0070270/?ref_=adv_li_tt","/title/tt6888132/?ref_=adv_li_tt","/title/tt3465580/?ref_=adv_li_tt","/title/tt0092030/?ref_=adv_li_tt","/title/tt3219670/?ref_=adv_li_tt","/title/tt4106848/?ref_=adv_li_tt","/title/tt0055151/?ref_=adv_li_tt","/title/tt0331466/?ref_=adv_li_tt","/title/tt3312160/?ref_=adv_li_tt","/title/tt0491661/?ref_=adv_li_tt","/title/tt0369359/?ref_=adv_li_tt","/title/tt4834300/?ref_=adv_li_tt","/title/tt0074389/?ref_=adv_li_tt","/title/tt2451372/?ref_=adv_li_tt","/title/tt7657786/?ref_=adv_li_tt","/title/tt1663625/?ref_=adv_li_tt","/title/tt0055139/?ref_=adv_li_tt","/title/tt1650555/?ref_=adv_li_tt","/title/tt0093465/?ref_=adv_li_tt","/title/tt0138647/?ref_=adv_li_tt","/title/tt2403415/?ref_=adv_li_tt","/title/tt1920956/?ref_=adv_li_tt","/title/tt0034613/?ref_=adv_li_tt","/title/tt0095556/?ref_=adv_li_tt","/title/tt5884386/?ref_=adv_li_tt","/title/tt0368009/?ref_=adv_li_tt","/title/tt0103898/?ref_=adv_li_tt","/title/tt0275039/?ref_=adv_li_tt","/title/tt0240119/?ref_=adv_li_tt","/title/tt2051831/?ref_=adv_li_tt","/title/tt0468445/?ref_=adv_li_tt","/title/tt1552423/?ref_=adv_li_tt","/title/tt0073586/?ref_=adv_li_tt","/title/tt6385574/?ref_=adv_li_tt","/title/tt1583265/?ref_=adv_li_tt","/title/tt2048905/?ref_=adv_li_tt","/title/tt3328092/?ref_=adv_li_tt","/title/tt0102750/?ref_=adv_li_tt","/title/tt6660148/?ref_=adv_li_tt","/title/tt3116438/?ref_=adv_li_tt","/title/tt0415908/?ref_=adv_li_tt","/title/tt0129117/?ref_=adv_li_tt","/title/tt5892746/?ref_=adv_li_tt","/title/tt1427298/?ref_=adv_li_tt","/title/tt0050210/?ref_=adv_li_tt","/title/tt4039820/?ref_=adv_li_tt","/title/tt0070578/?ref_=adv_li_tt","/title/tt1912981/?ref_=adv_li_tt","/title/tt6592124/?ref_=adv_li_tt","/title/tt1125188/?ref_=adv_li_tt","/title/tt4015930/?ref_=adv_li_tt","/title/tt1016090/?ref_=adv_li_tt","/title/tt3875444/?ref_=adv_li_tt","/title/tt0093367/?ref_=adv_li_tt","/title/tt4701688/?ref_=adv_li_tt","/title/tt0404496/?ref_=adv_li_tt","/title/tt4075022/?ref_=adv_li_tt","/title/tt5270732/?ref_=adv_li_tt","/title/tt0047976/?ref_=adv_li_tt","/title/tt2961768/?ref_=adv_li_tt","/title/tt0884214/?ref_=adv_li_tt","/title/tt0147788/?ref_=adv_li_tt","/title/tt0062653/?ref_=adv_li_tt","/title/tt5220430/?ref_=adv_li_tt","/title/tt3167458/?ref_=adv_li_tt","/title/tt0427626/?ref_=adv_li_tt","/title/tt1675758/?ref_=adv_li_tt","/title/tt7422762/?ref_=adv_li_tt","/title/tt0430582/?ref_=adv_li_tt","/title/tt0234748/?ref_=adv_li_tt","/title/tt0068925/?ref_=adv_li_tt","/title/tt1890513/?ref_=adv_li_tt","/title/tt0074408/?ref_=adv_li_tt","/title/tt0058050/?ref_=adv_li_tt","/title/tt2202569/?ref_=adv_li_tt","/title/tt4202970/?ref_=adv_li_tt","/title/tt0097969/?ref_=adv_li_tt","/title/tt0094734/?ref_=adv_li_tt","/title/tt7011980/?ref_=adv_li_tt","/title/tt0390393/?ref_=adv_li_tt","/title/tt4558506/?ref_=adv_li_tt","/title/tt1829735/?ref_=adv_li_tt","/title/tt6204830/?ref_=adv_li_tt","/title/tt3249124/?ref_=adv_li_tt","/title/tt7161990/?ref_=adv_li_tt","/title/tt0918645/?ref_=adv_li_tt","/title/tt3719434/?ref_=adv_li_tt","/title/tt1033483/?ref_=adv_li_tt","/title/tt0094849/?ref_=adv_li_tt","/title/tt3587202/?ref_=adv_li_tt","/title/tt2274752/?ref_=adv_li_tt","/title/tt7323714/?ref_=adv_li_tt","/title/tt2331073/?ref_=adv_li_tt","/title/tt0063275/?ref_=adv_li_tt","/title/tt1720164/?ref_=adv_li_tt","/title/tt7307478/?ref_=adv_li_tt","/title/tt3811906/?ref_=adv_li_tt","/title/tt0114824/?ref_=adv_li_tt","/title/tt0104568/?ref_=adv_li_tt","/title/tt0235424/?ref_=adv_li_tt","/title/tt0335762/?ref_=adv_li_tt","/title/tt2179007/?ref_=adv_li_tt","/title/tt0047507/?ref_=adv_li_tt","/title/tt3237942/?ref_=adv_li_tt","/title/tt1571247/?ref_=adv_li_tt","/title/tt4185862/?ref_=adv_li_tt","/title/tt0095132/?ref_=adv_li_tt","/title/tt6385190/?ref_=adv_li_tt","/title/tt0338436/?ref_=adv_li_tt","/title/tt0110022/?ref_=adv_li_tt","/title/tt0094998/?ref_=adv_li_tt","/title/tt1477835/?ref_=adv_li_tt","/title/tt5251524/?ref_=adv_li_tt","/title/tt4705682/?ref_=adv_li_tt","/title/tt3560546/?ref_=adv_li_tt","/title/tt0266075/?ref_=adv_li_tt","/title/tt0059816/?ref_=adv_li_tt","/title/tt2287677/?ref_=adv_li_tt","/title/tt3380104/?ref_=adv_li_tt","/title/tt0308310/?ref_=adv_li_tt","/title/tt0094124/?ref_=adv_li_tt","/title/tt0091898/?ref_=adv_li_tt","/title/tt0358020/?ref_=adv_li_tt","/title/tt0063090/?ref_=adv_li_tt","/title/tt0097973/?ref_=adv_li_tt","/title/tt3741776/?ref_=adv_li_tt","/title/tt1395146/?ref_=adv_li_tt","/title/tt5227140/?ref_=adv_li_tt","/title/tt0377079/?ref_=adv_li_tt","/title/tt0022827/?ref_=adv_li_tt","/title/tt0251576/?ref_=adv_li_tt","/title/tt7753708/?ref_=adv_li_tt","/title/tt0046186/?ref_=adv_li_tt","/title/tt1634800/?ref_=adv_li_tt","/title/tt0375562/?ref_=adv_li_tt","/title/tt0468534/?ref_=adv_li_tt","/title/tt1756447/?ref_=adv_li_tt","/title/tt0071560/?ref_=adv_li_tt","/title/tt0165473/?ref_=adv_li_tt","/title/tt0103802/?ref_=adv_li_tt","/title/tt0472278/?ref_=adv_li_tt","/title/tt3003980/?ref_=adv_li_tt","/title/tt1928123/?ref_=adv_li_tt","/title/tt0853267/?ref_=adv_li_tt","/title/tt7612032/?ref_=adv_li_tt","/title/tt0321432/?ref_=adv_li_tt","/title/tt0293113/?ref_=adv_li_tt","/title/tt3608838/?ref_=adv_li_tt","/title/tt0108462/?ref_=adv_li_tt","/title/tt5234458/?ref_=adv_li_tt","/title/tt0141861/?ref_=adv_li_tt","/title/tt4374286/?ref_=adv_li_tt","/title/tt0101483/?ref_=adv_li_tt","/title/tt0933342/?ref_=adv_li_tt","/title/tt4630874/?ref_=adv_li_tt","/title/tt2630310/?ref_=adv_li_tt","/title/tt0328655/?ref_=adv_li_tt","/title/tt0076216/?ref_=adv_li_tt","/title/tt2107770/?ref_=adv_li_tt","/title/tt4304450/?ref_=adv_li_tt","/title/tt3188880/?ref_=adv_li_tt","/title/tt0086013/?ref_=adv_li_tt","/title/tt7087646/?ref_=adv_li_tt","/title/tt5254458/?ref_=adv_li_tt","/title/tt1482463/?ref_=adv_li_tt","/title/tt0140697/?ref_=adv_li_tt","/title/tt0414161/?ref_=adv_li_tt","/title/tt6830412/?ref_=adv_li_tt","/title/tt0113981/?ref_=adv_li_tt","/title/tt0139426/?ref_=adv_li_tt","/title/tt0031147/?ref_=adv_li_tt","/title/tt6771136/?ref_=adv_li_tt","/title/tt1277733/?ref_=adv_li_tt","/title/tt0116003/?ref_=adv_li_tt","/title/tt1568341/?ref_=adv_li_tt","/title/tt5080804/?ref_=adv_li_tt","/title/tt2181953/?ref_=adv_li_tt","/title/tt0060127/?ref_=adv_li_tt","/title/tt0083660/?ref_=adv_li_tt","/title/tt3549566/?ref_=adv_li_tt","/title/tt2158686/?ref_=adv_li_tt","/title/tt1401668/?ref_=adv_li_tt","/title/tt1820766/?ref_=adv_li_tt","/title/tt0299551/?ref_=adv_li_tt","/title/tt2077821/?ref_=adv_li_tt","/title/tt2996950/?ref_=adv_li_tt","/title/tt2622294/?ref_=adv_li_tt","/title/tt2256858/?ref_=adv_li_tt","/title/tt0451781/?ref_=adv_li_tt","/title/tt0294970/?ref_=adv_li_tt","/title/tt1754134/?ref_=adv_li_tt","/title/tt3656920/?ref_=adv_li_tt","/title/tt0465455/?ref_=adv_li_tt","/title/tt1512310/?ref_=adv_li_tt","/title/tt0076094/?ref_=adv_li_tt","/title/tt0020414/?ref_=adv_li_tt","/title/tt7012714/?ref_=adv_li_tt","/title/tt5235548/?ref_=adv_li_tt","/title/tt8122726/?ref_=adv_li_tt","/title/tt0035386/?ref_=adv_li_tt","/title/tt0086640/?ref_=adv_li_tt","/title/tt0279887/?ref_=adv_li_tt","/title/tt2571634/?ref_=adv_li_tt","/title/tt4002210/?ref_=adv_li_tt","/title/tt1732175/?ref_=adv_li_tt","/title/tt0081457/?ref_=adv_li_tt","/title/tt0035713/?ref_=adv_li_tt","/title/tt1732659/?ref_=adv_li_tt","/title/tt1680102/?ref_=adv_li_tt","/title/tt0346811/?ref_=adv_li_tt","/title/tt2100376/?ref_=adv_li_tt","/title/tt0949379/?ref_=adv_li_tt","/title/tt0070396/?ref_=adv_li_tt","/title/tt0260785/?ref_=adv_li_tt","/title/tt1650044/?ref_=adv_li_tt","/title/tt1425928/?ref_=adv_li_tt","/title/tt2140315/?ref_=adv_li_tt","/title/tt0364616/?ref_=adv_li_tt","/title/tt1441259/?ref_=adv_li_tt","/title/tt0426396/?ref_=adv_li_tt","/title/tt5840986/?ref_=adv_li_tt","/title/tt1196618/?ref_=adv_li_tt","/title/tt8002966/?ref_=adv_li_tt","/title/tt0096936/?ref_=adv_li_tt","/title/tt5097998/?ref_=adv_li_tt","/title/tt0108447/?ref_=adv_li_tt","/title/tt1894504/?ref_=adv_li_tt","/title/tt4887354/?ref_=adv_li_tt","/title/tt0487037/?ref_=adv_li_tt","/title/tt7995680/?ref_=adv_li_tt","/title/tt2497768/?ref_=adv_li_tt","/title/tt1233228/?ref_=adv_li_tt","/title/tt0436098/?ref_=adv_li_tt","/title/tt0985060/?ref_=adv_li_tt","/title/tt0053102/?ref_=adv_li_tt","/title/tt1719665/?ref_=adv_li_tt","/title/tt1544578/?ref_=adv_li_tt","/title/tt1858402/?ref_=adv_li_tt","/title/tt1998395/?ref_=adv_li_tt","/title/tt7331818/?ref_=adv_li_tt","/title/tt0211661/?ref_=adv_li_tt","/title/tt1762358/?ref_=adv_li_tt","/title/tt1286765/?ref_=adv_li_tt","/title/tt5563782/?ref_=adv_li_tt","/title/tt7026488/?ref_=adv_li_tt","/title/tt3361068/?ref_=adv_li_tt","/title/tt0075887/?ref_=adv_li_tt","/title/tt0362417/?ref_=adv_li_tt","/title/tt0074108/?ref_=adv_li_tt","/title/tt0077485/?ref_=adv_li_tt","/title/tt0069308/?ref_=adv_li_tt","/title/tt0460909/?ref_=adv_li_tt","/title/tt0091118/?ref_=adv_li_tt","/title/tt2132497/?ref_=adv_li_tt","/title/tt3155720/?ref_=adv_li_tt","/title/tt0179585/?ref_=adv_li_tt","/title/tt0080506/?ref_=adv_li_tt","/title/tt0096811/?ref_=adv_li_tt","/title/tt0452873/?ref_=adv_li_tt","/title/tt0765459/?ref_=adv_li_tt","/title/tt4951834/?ref_=adv_li_tt","/title/tt3043672/?ref_=adv_li_tt","/title/tt4020312/?ref_=adv_li_tt","/title/tt4187650/?ref_=adv_li_tt","/title/tt1144581/?ref_=adv_li_tt","/title/tt6074486/?ref_=adv_li_tt","/title/tt0255702/?ref_=adv_li_tt","/title/tt5753212/?ref_=adv_li_tt","/title/tt7433400/?ref_=adv_li_tt","/title/tt0097364/?ref_=adv_li_tt","/title/tt0069064/?ref_=adv_li_tt","/title/tt0069064/?ref_=adv_li_tt","/title/tt0066939/?ref_=adv_li_tt","/title/tt1692954/?ref_=adv_li_tt","/title/tt1468757/?ref_=adv_li_tt","/title/tt0841993/?ref_=adv_li_tt","/title/tt6133416/?ref_=adv_li_tt","/title/tt0076516/?ref_=adv_li_tt","/title/tt0111144/?ref_=adv_li_tt","/title/tt1131743/?ref_=adv_li_tt","/title/tt0061806/?ref_=adv_li_tt","/title/tt0075682/?ref_=adv_li_tt","/title/tt5334304/?ref_=adv_li_tt","/title/tt1954334/?ref_=adv_li_tt","/title/tt0062288/?ref_=adv_li_tt","/title/tt3662992/?ref_=adv_li_tt","/title/tt0156706/?ref_=adv_li_tt","/title/tt3756806/?ref_=adv_li_tt","/title/tt0071232/?ref_=adv_li_tt","/title/tt0428212/?ref_=adv_li_tt","/title/tt0099935/?ref_=adv_li_tt","/title/tt3140434/?ref_=adv_li_tt","/title/tt3717824/?ref_=adv_li_tt","/title/tt2125647/?ref_=adv_li_tt","/title/tt0041776/?ref_=adv_li_tt","/title/tt5918332/?ref_=adv_li_tt","/title/tt0490236/?ref_=adv_li_tt","/title/tt0400837/?ref_=adv_li_tt","/title/tt1395135/?ref_=adv_li_tt","/title/tt0436636/?ref_=adv_li_tt","/title/tt2233925/?ref_=adv_li_tt","/title/tt7910444/?ref_=adv_li_tt","/title/tt0162945/?ref_=adv_li_tt","/title/tt0055450/?ref_=adv_li_tt","/title/tt2362062/?ref_=adv_li_tt","/title/tt3430694/?ref_=adv_li_tt","/title/tt3924774/?ref_=adv_li_tt","/title/tt1691924/?ref_=adv_li_tt","/title/tt3307288/?ref_=adv_li_tt","/title/tt0106323/?ref_=adv_li_tt","/title/tt0460808/?ref_=adv_li_tt","/title/tt4316846/?ref_=adv_li_tt","/title/tt0080079/?ref_=adv_li_tt","/title/tt0391908/?ref_=adv_li_tt","/title/tt0073739/?ref_=adv_li_tt","/title/tt1877647/?ref_=adv_li_tt","/title/tt0109761/?ref_=adv_li_tt","/title/tt7419360/?ref_=adv_li_tt","/title/tt6935490/?ref_=adv_li_tt","/title/tt0022103/?ref_=adv_li_tt","/title/tt0042423/?ref_=adv_li_tt","/title/tt1327699/?ref_=adv_li_tt","/title/tt1462757/?ref_=adv_li_tt","/title/tt0250613/?ref_=adv_li_tt","/title/tt1319712/?ref_=adv_li_tt","/title/tt0071478/?ref_=adv_li_tt","/title/tt1770675/?ref_=adv_li_tt","/title/tt5249706/?ref_=adv_li_tt","/title/tt0098813/?ref_=adv_li_tt","/title/tt2247910/?ref_=adv_li_tt","/title/tt0151239/?ref_=adv_li_tt","/title/tt1183489/?ref_=adv_li_tt","/title/tt0879225/?ref_=adv_li_tt","/title/tt0055058/?ref_=adv_li_tt","/title/tt1278322/?ref_=adv_li_tt","/title/tt4506186/?ref_=adv_li_tt","/title/tt0084272/?ref_=adv_li_tt","/title/tt0099366/?ref_=adv_li_tt","/title/tt3184096/?ref_=adv_li_tt","/title/tt0329224/?ref_=adv_li_tt","/title/tt0066349/?ref_=adv_li_tt","/title/tt1863305/?ref_=adv_li_tt","/title/tt7394674/?ref_=adv_li_tt","/title/tt0064902/?ref_=adv_li_tt","/title/tt1566504/?ref_=adv_li_tt","/title/tt4565668/?ref_=adv_li_tt","/title/tt5182832/?ref_=adv_li_tt","/title/tt0114443/?ref_=adv_li_tt","/title/tt2603308/?ref_=adv_li_tt","/title/tt0047966/?ref_=adv_li_tt","/title/tt4682724/?ref_=adv_li_tt","/title/tt0846713/?ref_=adv_li_tt","/title/tt1568929/?ref_=adv_li_tt","/title/tt0078240/?ref_=adv_li_tt","/title/tt0441821/?ref_=adv_li_tt","/title/tt0130040/?ref_=adv_li_tt","/title/tt4421920/?ref_=adv_li_tt","/title/tt0067601/?ref_=adv_li_tt","/title/tt7365740/?ref_=adv_li_tt","/title/tt5769440/?ref_=adv_li_tt","/title/tt3454658/?ref_=adv_li_tt","/title/tt0076099/?ref_=adv_li_tt","/title/tt2662808/?ref_=adv_li_tt","/title/tt0455961/?ref_=adv_li_tt","/title/tt2330396/?ref_=adv_li_tt","/title/tt0499464/?ref_=adv_li_tt","/title/tt0101117/?ref_=adv_li_tt","/title/tt0350091/?ref_=adv_li_tt","/title/tt2641256/?ref_=adv_li_tt","/title/tt1698658/?ref_=adv_li_tt","/title/tt6435240/?ref_=adv_li_tt","/title/tt6435240/?ref_=adv_li_tt","/title/tt0119875/?ref_=adv_li_tt","/title/tt6828736/?ref_=adv_li_tt","/title/tt1372689/?ref_=adv_li_tt","/title/tt5896778/?ref_=adv_li_tt","/title/tt5980242/?ref_=adv_li_tt","/title/tt1275786/?ref_=adv_li_tt","/title/tt0282178/?ref_=adv_li_tt","/title/tt0098811/?ref_=adv_li_tt","/title/tt5798742/?ref_=adv_li_tt","/title/tt0156329/?ref_=adv_li_tt","/title/tt3144266/?ref_=adv_li_tt","/title/tt6093012/?ref_=adv_li_tt","/title/tt2098781/?ref_=adv_li_tt","/title/tt5234512/?ref_=adv_li_tt","/title/tt2285419/?ref_=adv_li_tt","/title/tt3361186/?ref_=adv_li_tt","/title/tt1204791/?ref_=adv_li_tt","/title/tt0092273/?ref_=adv_li_tt","/title/tt0070827/?ref_=adv_li_tt","/title/tt5234462/?ref_=adv_li_tt","/title/tt5569344/?ref_=adv_li_tt","/title/tt0377290/?ref_=adv_li_tt","/title/tt4688294/?ref_=adv_li_tt","/title/tt7585566/?ref_=adv_li_tt","/title/tt0069924/?ref_=adv_li_tt","/title/tt4474302/?ref_=adv_li_tt","/title/tt1583356/?ref_=adv_li_tt","/title/tt0094939/?ref_=adv_li_tt","/title/tt0946601/?ref_=adv_li_tt","/title/tt1092011/?ref_=adv_li_tt","/title/tt1412334/?ref_=adv_li_tt","/title/tt0228246/?ref_=adv_li_tt","/title/tt0228183/?ref_=adv_li_tt","/title/tt4522960/?ref_=adv_li_tt","/title/tt0240380/?ref_=adv_li_tt","/title/tt6424188/?ref_=adv_li_tt","/title/tt0404127/?ref_=adv_li_tt","/title/tt0122603/?ref_=adv_li_tt","/title/tt1278060/?ref_=adv_li_tt","/title/tt0080431/?ref_=adv_li_tt","/title/tt7138894/?ref_=adv_li_tt","/title/tt3719450/?ref_=adv_li_tt","/title/tt1047474/?ref_=adv_li_tt","/title/tt7168452/?ref_=adv_li_tt","/title/tt0119860/?ref_=adv_li_tt","/title/tt5196130/?ref_=adv_li_tt","/title/tt0848587/?ref_=adv_li_tt","/title/tt2350852/?ref_=adv_li_tt","/title/tt5721636/?ref_=adv_li_tt","/title/tt0109809/?ref_=adv_li_tt","/title/tt4934886/?ref_=adv_li_tt","/title/tt2040295/?ref_=adv_li_tt","/title/tt0496444/?ref_=adv_li_tt","/title/tt0073706/?ref_=adv_li_tt","/title/tt6408342/?ref_=adv_li_tt","/title/tt0060228/?ref_=adv_li_tt","/title/tt0372832/?ref_=adv_li_tt","/title/tt0099153/?ref_=adv_li_tt","/title/tt1331074/?ref_=adv_li_tt","/title/tt0456743/?ref_=adv_li_tt","/title/tt7162390/?ref_=adv_li_tt","/title/tt0077174/?ref_=adv_li_tt","/title/tt1270767/?ref_=adv_li_tt","/title/tt0064627/?ref_=adv_li_tt","/title/tt0235608/?ref_=adv_li_tt","/title/tt2821832/?ref_=adv_li_tt","/title/tt4530804/?ref_=adv_li_tt","/title/tt0058955/?ref_=adv_li_tt","/title/tt0080448/?ref_=adv_li_tt","/title/tt4881208/?ref_=adv_li_tt","/title/tt0079160/?ref_=adv_li_tt","/title/tt0037441/?ref_=adv_li_tt","/title/tt0049429/?ref_=adv_li_tt","/title/tt7645102/?ref_=adv_li_tt","/title/tt2505856/?ref_=adv_li_tt","/title/tt5127192/?ref_=adv_li_tt","/title/tt0251005/?ref_=adv_li_tt","/title/tt0341564/?ref_=adv_li_tt","/title/tt0066160/?ref_=adv_li_tt","/title/tt0043778/?ref_=adv_li_tt","/title/tt6186362/?ref_=adv_li_tt","/title/tt1501658/?ref_=adv_li_tt","/title/tt0050201/?ref_=adv_li_tt","/title/tt1043673/?ref_=adv_li_tt","/title/tt1728217/?ref_=adv_li_tt","/title/tt1070886/?ref_=adv_li_tt","/title/tt4841444/?ref_=adv_li_tt","/title/tt0875696/?ref_=adv_li_tt","/title/tt0106983/?ref_=adv_li_tt","/title/tt4026562/?ref_=adv_li_tt","/title/tt0082522/?ref_=adv_li_tt","/title/tt6456768/?ref_=adv_li_tt","/title/tt4666748/?ref_=adv_li_tt","/title/tt1014693/?ref_=adv_li_tt","/title/tt0349852/?ref_=adv_li_tt","/title/tt0295173/?ref_=adv_li_tt","/title/tt5065346/?ref_=adv_li_tt","/title/tt0075811/?ref_=adv_li_tt","/title/tt0065342/?ref_=adv_li_tt","/title/tt1236457/?ref_=adv_li_tt","/title/tt1517506/?ref_=adv_li_tt","/title/tt0092776/?ref_=adv_li_tt","/title/tt0310298/?ref_=adv_li_tt","/title/tt0035124/?ref_=adv_li_tt","/title/tt0069018/?ref_=adv_li_tt","/title/tt0821462/?ref_=adv_li_tt","/title/tt1674197/?ref_=adv_li_tt","/title/tt4225092/?ref_=adv_li_tt","/title/tt1829965/?ref_=adv_li_tt","/title/tt7240478/?ref_=adv_li_tt","/title/tt0490527/?ref_=adv_li_tt","/title/tt0085266/?ref_=adv_li_tt","/title/tt2363449/?ref_=adv_li_tt","/title/tt0416853/?ref_=adv_li_tt","/title/tt0112735/?ref_=adv_li_tt","/title/tt0354216/?ref_=adv_li_tt","/title/tt0073550/?ref_=adv_li_tt","/title/tt6492958/?ref_=adv_li_tt","/title/tt0198913/?ref_=adv_li_tt","/title/tt0282386/?ref_=adv_li_tt","/title/tt4117326/?ref_=adv_li_tt","/title/tt1890417/?ref_=adv_li_tt","/title/tt1018877/?ref_=adv_li_tt","/title/tt5989606/?ref_=adv_li_tt","/title/tt1715223/?ref_=adv_li_tt","/title/tt1773467/?ref_=adv_li_tt","/title/tt1715362/?ref_=adv_li_tt","/title/tt7597454/?ref_=adv_li_tt","/title/tt4198186/?ref_=adv_li_tt","/title/tt0126387/?ref_=adv_li_tt","/title/tt2290836/?ref_=adv_li_tt","/title/tt4912522/?ref_=adv_li_tt","/title/tt1718714/?ref_=adv_li_tt","/title/tt1047544/?ref_=adv_li_tt","/title/tt0249232/?ref_=adv_li_tt","/title/tt7329622/?ref_=adv_li_tt","/title/tt0087288/?ref_=adv_li_tt","/title/tt1101048/?ref_=adv_li_tt","/title/tt0054691/?ref_=adv_li_tt","/title/tt4899510/?ref_=adv_li_tt","/title/tt1844643/?ref_=adv_li_tt","/title/tt0449671/?ref_=adv_li_tt","/title/tt1655617/?ref_=adv_li_tt","/title/tt4136268/?ref_=adv_li_tt","/title/tt0060446/?ref_=adv_li_tt","/title/tt1018820/?ref_=adv_li_tt","/title/tt0218937/?ref_=adv_li_tt","/title/tt0060384/?ref_=adv_li_tt","/title/tt0036705/?ref_=adv_li_tt","/title/tt0104365/?ref_=adv_li_tt","/title/tt4047752/?ref_=adv_li_tt","/title/tt7781486/?ref_=adv_li_tt","/title/tt0085953/?ref_=adv_li_tt","/title/tt0070556/?ref_=adv_li_tt","/title/tt3901256/?ref_=adv_li_tt","/title/tt7166738/?ref_=adv_li_tt","/title/tt0287497/?ref_=adv_li_tt","/title/tt0108360/?ref_=adv_li_tt","/title/tt2718028/?ref_=adv_li_tt","/title/tt0466875/?ref_=adv_li_tt","/title/tt5795064/?ref_=adv_li_tt","/title/tt0088108/?ref_=adv_li_tt","/title/tt0047114/?ref_=adv_li_tt","/title/tt3752766/?ref_=adv_li_tt","/title/tt1090189/?ref_=adv_li_tt","/title/tt0068625/?ref_=adv_li_tt","/title/tt0815165/?ref_=adv_li_tt","/title/tt3885442/?ref_=adv_li_tt","/title/tt0068727/?ref_=adv_li_tt","/title/tt0114196/?ref_=adv_li_tt","/title/tt1318056/?ref_=adv_li_tt","/title/tt4921338/?ref_=adv_li_tt","/title/tt0478305/?ref_=adv_li_tt","/title/tt1334536/?ref_=adv_li_tt","/title/tt3544654/?ref_=adv_li_tt","/title/tt1340838/?ref_=adv_li_tt","/title/tt6413038/?ref_=adv_li_tt","/title/tt2813064/?ref_=adv_li_tt","/title/tt6492158/?ref_=adv_li_tt","/title/tt0086971/?ref_=adv_li_tt","/title/tt1208658/?ref_=adv_li_tt","/title/tt0277986/?ref_=adv_li_tt","/title/tt0772172/?ref_=adv_li_tt","/title/tt4313982/?ref_=adv_li_tt","/title/tt7956134/?ref_=adv_li_tt","/title/tt6587396/?ref_=adv_li_tt","/title/tt0128164/?ref_=adv_li_tt","/title/tt0099601/?ref_=adv_li_tt","/title/tt1094296/?ref_=adv_li_tt","/title/tt2292845/?ref_=adv_li_tt","/title/tt0156735/?ref_=adv_li_tt","/title/tt1842532/?ref_=adv_li_tt","/title/tt3807706/?ref_=adv_li_tt","/title/tt0072624/?ref_=adv_li_tt","/title/tt2224383/?ref_=adv_li_tt","/title/tt5307698/?ref_=adv_li_tt","/title/tt1354678/?ref_=adv_li_tt","/title/tt0420526/?ref_=adv_li_tt","/title/tt0099757/?ref_=adv_li_tt","/title/tt0279688/?ref_=adv_li_tt","/title/tt0792986/?ref_=adv_li_tt","/title/tt4309646/?ref_=adv_li_tt","/title/tt0028174/?ref_=adv_li_tt","/title/tt3631282/?ref_=adv_li_tt","/title/tt0289361/?ref_=adv_li_tt","/title/tt0031387/?ref_=adv_li_tt","/title/tt2400473/?ref_=adv_li_tt","/title/tt5441256/?ref_=adv_li_tt","/title/tt0845424/?ref_=adv_li_tt","/title/tt1877890/?ref_=adv_li_tt","/title/tt2639502/?ref_=adv_li_tt","/title/tt1124375/?ref_=adv_li_tt","/title/tt0193660/?ref_=adv_li_tt","/title/tt0039383/?ref_=adv_li_tt","/title/tt0075900/?ref_=adv_li_tt","/title/tt1964995/?ref_=adv_li_tt","/title/tt3561204/?ref_=adv_li_tt","/title/tt0223848/?ref_=adv_li_tt","/title/tt1238302/?ref_=adv_li_tt","/title/tt6872670/?ref_=adv_li_tt","/title/tt2375844/?ref_=adv_li_tt","/title/tt0176097/?ref_=adv_li_tt","/title/tt0242733/?ref_=adv_li_tt","/title/tt3626368/?ref_=adv_li_tt","/title/tt7041630/?ref_=adv_li_tt","/title/tt6085684/?ref_=adv_li_tt","/title/tt1763206/?ref_=adv_li_tt","/title/tt0112594/?ref_=adv_li_tt","/title/tt0109997/?ref_=adv_li_tt","/title/tt0065852/?ref_=adv_li_tt","/title/tt0069820/?ref_=adv_li_tt","/title/tt2908340/?ref_=adv_li_tt","/title/tt0094262/?ref_=adv_li_tt","/title/tt2106440/?ref_=adv_li_tt","/title/tt0262177/?ref_=adv_li_tt","/title/tt4730224/?ref_=adv_li_tt","/title/tt1020766/?ref_=adv_li_tt","/title/tt0101276/?ref_=adv_li_tt","/title/tt3043008/?ref_=adv_li_tt","/title/tt0118652/?ref_=adv_li_tt","/title/tt4089412/?ref_=adv_li_tt","/title/tt0095922/?ref_=adv_li_tt","/title/tt0097059/?ref_=adv_li_tt","/title/tt0425132/?ref_=adv_li_tt","/title/tt2378567/?ref_=adv_li_tt","/title/tt2378145/?ref_=adv_li_tt","/title/tt4042326/?ref_=adv_li_tt","/title/tt4168808/?ref_=adv_li_tt","/title/tt1314363/?ref_=adv_li_tt","/title/tt5680368/?ref_=adv_li_tt","/title/tt0099441/?ref_=adv_li_tt","/title/tt0393421/?ref_=adv_li_tt","/title/tt0078665/?ref_=adv_li_tt","/title/tt0482163/?ref_=adv_li_tt","/title/tt0088830/?ref_=adv_li_tt","/title/tt1038023/?ref_=adv_li_tt","/title/tt0258534/?ref_=adv_li_tt","/title/tt2178927/?ref_=adv_li_tt","/title/tt5436168/?ref_=adv_li_tt","/title/tt1343750/?ref_=adv_li_tt","/title/tt0132000/?ref_=adv_li_tt","/title/tt0320708/?ref_=adv_li_tt","/title/tt0111594/?ref_=adv_li_tt","/title/tt0095175/?ref_=adv_li_tt","/title/tt3108988/?ref_=adv_li_tt","/title/tt1400515/?ref_=adv_li_tt","/title/tt2134165/?ref_=adv_li_tt","/title/tt0482495/?ref_=adv_li_tt","/title/tt0036999/?ref_=adv_li_tt","/title/tt5285112/?ref_=adv_li_tt","/title/tt7053948/?ref_=adv_li_tt","/title/tt1861421/?ref_=adv_li_tt","/title/tt2888068/?ref_=adv_li_tt","/title/tt0070888/?ref_=adv_li_tt","/title/tt0236638/?ref_=adv_li_tt","/title/tt1151384/?ref_=adv_li_tt","/title/tt0051706/?ref_=adv_li_tt","/title/tt0210740/?ref_=adv_li_tt","/title/tt0472571/?ref_=adv_li_tt","/title/tt0072626/?ref_=adv_li_tt","/title/tt0287973/?ref_=adv_li_tt","/title/tt3576044/?ref_=adv_li_tt","/title/tt0060536/?ref_=adv_li_tt","/title/tt0166432/?ref_=adv_li_tt","/title/tt2606112/?ref_=adv_li_tt","/title/tt1869362/?ref_=adv_li_tt","/title/tt1657285/?ref_=adv_li_tt","/title/tt1961627/?ref_=adv_li_tt","/title/tt2229952/?ref_=adv_li_tt","/title/tt4584792/?ref_=adv_li_tt","/title/tt0196373/?ref_=adv_li_tt","/title/tt1756508/?ref_=adv_li_tt","/title/tt0432262/?ref_=adv_li_tt","/title/tt6286160/?ref_=adv_li_tt","/title/tt3170972/?ref_=adv_li_tt","/title/tt0026758/?ref_=adv_li_tt","/title/tt0027938/?ref_=adv_li_tt","/title/tt1814905/?ref_=adv_li_tt","/title/tt0060558/?ref_=adv_li_tt","/title/tt1754506/?ref_=adv_li_tt","/title/tt0047348/?ref_=adv_li_tt","/title/tt5903870/?ref_=adv_li_tt","/title/tt0297853/?ref_=adv_li_tt","/title/tt3137732/?ref_=adv_li_tt","/title/tt4561016/?ref_=adv_li_tt","/title/tt3710830/?ref_=adv_li_tt","/title/tt7724874/?ref_=adv_li_tt","/title/tt0062298/?ref_=adv_li_tt","/title/tt0069805/?ref_=adv_li_tt","/title/tt1584733/?ref_=adv_li_tt","/title/tt5336576/?ref_=adv_li_tt","/title/tt0207093/?ref_=adv_li_tt","/title/tt0095971/?ref_=adv_li_tt","/title/tt6476146/?ref_=adv_li_tt","/title/tt0469684/?ref_=adv_li_tt","/title/tt2264640/?ref_=adv_li_tt","/title/tt2190451/?ref_=adv_li_tt","/title/tt0085376/?ref_=adv_li_tt","/title/tt3098998/?ref_=adv_li_tt","/title/tt1496389/?ref_=adv_li_tt","/title/tt1418912/?ref_=adv_li_tt","/title/tt0071791/?ref_=adv_li_tt","/title/tt2109127/?ref_=adv_li_tt","/title/tt6892788/?ref_=adv_li_tt","/title/tt2846938/?ref_=adv_li_tt","/title/tt4700684/?ref_=adv_li_tt","/title/tt0455135/?ref_=adv_li_tt","/title/tt0043360/?ref_=adv_li_tt","/title/tt1193490/?ref_=adv_li_tt","/title/tt5371922/?ref_=adv_li_tt","/title/tt5087548/?ref_=adv_li_tt","/title/tt3726322/?ref_=adv_li_tt","/title/tt0091462/?ref_=adv_li_tt","/title/tt0897444/?ref_=adv_li_tt","/title/tt0113356/?ref_=adv_li_tt","/title/tt6144682/?ref_=adv_li_tt","/title/tt2175671/?ref_=adv_li_tt","/title/tt4095942/?ref_=adv_li_tt","/title/tt3148978/?ref_=adv_li_tt","/title/tt3176418/?ref_=adv_li_tt","/title/tt0129852/?ref_=adv_li_tt","/title/tt1578277/?ref_=adv_li_tt","/title/tt3359196/?ref_=adv_li_tt","/title/tt0462362/?ref_=adv_li_tt","/title/tt0443231/?ref_=adv_li_tt","/title/tt0132888/?ref_=adv_li_tt","/title/tt0814139/?ref_=adv_li_tt","/title/tt0077801/?ref_=adv_li_tt","/title/tt0116769/?ref_=adv_li_tt","/title/tt1198396/?ref_=adv_li_tt","/title/tt6144876/?ref_=adv_li_tt","/title/tt1838716/?ref_=adv_li_tt","/title/tt0462475/?ref_=adv_li_tt","/title/tt4498162/?ref_=adv_li_tt","/title/tt0035489/?ref_=adv_li_tt","/title/tt0259182/?ref_=adv_li_tt","/title/tt6104684/?ref_=adv_li_tt","/title/tt1209301/?ref_=adv_li_tt","/title/tt0452766/?ref_=adv_li_tt","/title/tt1942828/?ref_=adv_li_tt","/title/tt3432286/?ref_=adv_li_tt","/title/tt0349340/?ref_=adv_li_tt","/title/tt0056499/?ref_=adv_li_tt","/title/tt0918627/?ref_=adv_li_tt","/title/tt5348912/?ref_=adv_li_tt","/title/tt0052811/?ref_=adv_li_tt","/title/tt0090457/?ref_=adv_li_tt","/title/tt2332885/?ref_=adv_li_tt","/title/tt0104865/?ref_=adv_li_tt","/title/tt0088751/?ref_=adv_li_tt","/title/tt5815156/?ref_=adv_li_tt","/title/tt1077091/?ref_=adv_li_tt","/title/tt0366518/?ref_=adv_li_tt","/title/tt1730300/?ref_=adv_li_tt","/title/tt3830194/?ref_=adv_li_tt","/title/tt0193013/?ref_=adv_li_tt","/title/tt3188560/?ref_=adv_li_tt","/title/tt1361838/?ref_=adv_li_tt","/title/tt0036653/?ref_=adv_li_tt","/title/tt0061060/?ref_=adv_li_tt","/title/tt2333420/?ref_=adv_li_tt","/title/tt1174689/?ref_=adv_li_tt","/title/tt5580306/?ref_=adv_li_tt","/title/tt6025212/?ref_=adv_li_tt","/title/tt3995464/?ref_=adv_li_tt","/title/tt0765488/?ref_=adv_li_tt","/title/tt0103880/?ref_=adv_li_tt","/title/tt1977822/?ref_=adv_li_tt","/title/tt0052888/?ref_=adv_li_tt","/title/tt0491399/?ref_=adv_li_tt","/title/tt2486278/?ref_=adv_li_tt","/title/tt0119277/?ref_=adv_li_tt","/title/tt1185244/?ref_=adv_li_tt","/title/tt3699684/?ref_=adv_li_tt","/title/tt1608776/?ref_=adv_li_tt","/title/tt0165297/?ref_=adv_li_tt","/title/tt2789014/?ref_=adv_li_tt","/title/tt2927582/?ref_=adv_li_tt","/title/tt0115788/?ref_=adv_li_tt","/title/tt5365042/?ref_=adv_li_tt","/title/tt3323588/?ref_=adv_li_tt","/title/tt7259100/?ref_=adv_li_tt","/title/tt1468883/?ref_=adv_li_tt","/title/tt0287846/?ref_=adv_li_tt","/title/tt0055902/?ref_=adv_li_tt","/title/tt4558370/?ref_=adv_li_tt","/title/tt0004026/?ref_=adv_li_tt","/title/tt1801063/?ref_=adv_li_tt","/title/tt0024360/?ref_=adv_li_tt","/title/tt5814914/?ref_=adv_li_tt","/title/tt0101576/?ref_=adv_li_tt","/title/tt5757806/?ref_=adv_li_tt","/title/tt8030964/?ref_=adv_li_tt","/title/tt0318497/?ref_=adv_li_tt","/title/tt1495776/?ref_=adv_li_tt","/title/tt0093115/?ref_=adv_li_tt","/title/tt0366894/?ref_=adv_li_tt","/title/tt2594712/?ref_=adv_li_tt","/title/tt0062463/?ref_=adv_li_tt","/title/tt2221640/?ref_=adv_li_tt","/title/tt0013571/?ref_=adv_li_tt","/title/tt0444723/?ref_=adv_li_tt","/title/tt1062161/?ref_=adv_li_tt","/title/tt0874292/?ref_=adv_li_tt","/title/tt3089626/?ref_=adv_li_tt","/title/tt0073278/?ref_=adv_li_tt","/title/tt0494746/?ref_=adv_li_tt","/title/tt1786503/?ref_=adv_li_tt","/title/tt6185266/?ref_=adv_li_tt","/title/tt1433330/?ref_=adv_li_tt","/title/tt5703038/?ref_=adv_li_tt","/title/tt0112856/?ref_=adv_li_tt","/title/tt0056220/?ref_=adv_li_tt","/title/tt4196566/?ref_=adv_li_tt","/title/tt0119764/?ref_=adv_li_tt","/title/tt1349486/?ref_=adv_li_tt","/title/tt2980152/?ref_=adv_li_tt","/title/tt0292600/?ref_=adv_li_tt","/title/tt3679978/?ref_=adv_li_tt","/title/tt0082466/?ref_=adv_li_tt","/title/tt0113881/?ref_=adv_li_tt","/title/tt3164064/?ref_=adv_li_tt","/title/tt2916772/?ref_=adv_li_tt","/title/tt0892047/?ref_=adv_li_tt","/title/tt0027442/?ref_=adv_li_tt","/title/tt2658566/?ref_=adv_li_tt","/title/tt0082841/?ref_=adv_li_tt","/title/tt8128618/?ref_=adv_li_tt","/title/tt2570436/?ref_=adv_li_tt","/title/tt4295470/?ref_=adv_li_tt","/title/tt0099415/?ref_=adv_li_tt","/title/tt7600294/?ref_=adv_li_tt","/title/tt1312221/?ref_=adv_li_tt","/title/tt2151633/?ref_=adv_li_tt","/title/tt0348031/?ref_=adv_li_tt","/title/tt2128679/?ref_=adv_li_tt","/title/tt3743206/?ref_=adv_li_tt","/title/tt2239964/?ref_=adv_li_tt","/title/tt5639892/?ref_=adv_li_tt","/title/tt1666700/?ref_=adv_li_tt","/title/tt0256155/?ref_=adv_li_tt","/title/tt0927575/?ref_=adv_li_tt","/title/tt0419160/?ref_=adv_li_tt","/title/tt0372005/?ref_=adv_li_tt","/title/tt0282496/?ref_=adv_li_tt","/title/tt0093621/?ref_=adv_li_tt","/title/tt6344890/?ref_=adv_li_tt","/title/tt7737656/?ref_=adv_li_tt","/title/tt0460760/?ref_=adv_li_tt","/title/tt7143268/?ref_=adv_li_tt","/title/tt1405413/?ref_=adv_li_tt","/title/tt0212867/?ref_=adv_li_tt","/title/tt0050143/?ref_=adv_li_tt","/title/tt0085422/?ref_=adv_li_tt","/title/tt3029570/?ref_=adv_li_tt","/title/tt2492654/?ref_=adv_li_tt","/title/tt0218625/?ref_=adv_li_tt","/title/tt6384720/?ref_=adv_li_tt","/title/tt0433547/?ref_=adv_li_tt","/title/tt0372921/?ref_=adv_li_tt","/title/tt0068504/?ref_=adv_li_tt","/title/tt2327563/?ref_=adv_li_tt","/title/tt0085569/?ref_=adv_li_tt","/title/tt2505304/?ref_=adv_li_tt","/title/tt4187646/?ref_=adv_li_tt","/title/tt5487764/?ref_=adv_li_tt","/title/tt0065424/?ref_=adv_li_tt","/title/tt1087845/?ref_=adv_li_tt","/title/tt3686278/?ref_=adv_li_tt","/title/tt1043791/?ref_=adv_li_tt","/title/tt1087850/?ref_=adv_li_tt","/title/tt0066871/?ref_=adv_li_tt","/title/tt1650550/?ref_=adv_li_tt","/title/tt0155286/?ref_=adv_li_tt","/title/tt0228871/?ref_=adv_li_tt","/title/tt3630800/?ref_=adv_li_tt","/title/tt1137999/?ref_=adv_li_tt","/title/tt6521776/?ref_=adv_li_tt","/title/tt6852534/?ref_=adv_li_tt","/title/tt0062411/?ref_=adv_li_tt","/title/tt7848326/?ref_=adv_li_tt","/title/tt0218067/?ref_=adv_li_tt","/title/tt1278102/?ref_=adv_li_tt","/title/tt4982356/?ref_=adv_li_tt","/title/tt2415464/?ref_=adv_li_tt","/title/tt2827266/?ref_=adv_li_tt","/title/tt0051484/?ref_=adv_li_tt","/title/tt2281002/?ref_=adv_li_tt","/title/tt0117711/?ref_=adv_li_tt","/title/tt0118724/?ref_=adv_li_tt","/title/tt0421121/?ref_=adv_li_tt","/title/tt0105827/?ref_=adv_li_tt","/title/tt5135840/?ref_=adv_li_tt","/title/tt3112286/?ref_=adv_li_tt","/title/tt3894958/?ref_=adv_li_tt","/title/tt4877706/?ref_=adv_li_tt","/title/tt3480446/?ref_=adv_li_tt","/title/tt7642686/?ref_=adv_li_tt","/title/tt2309910/?ref_=adv_li_tt","/title/tt0089254/?ref_=adv_li_tt","/title/tt2996062/?ref_=adv_li_tt","/title/tt1058008/?ref_=adv_li_tt","/title/tt5760590/?ref_=adv_li_tt","/title/tt1221932/?ref_=adv_li_tt","/title/tt7268396/?ref_=adv_li_tt","/title/tt0047960/?ref_=adv_li_tt","/title/tt0056056/?ref_=adv_li_tt","/title/tt1480658/?ref_=adv_li_tt","/title/tt6220752/?ref_=adv_li_tt","/title/tt0097178/?ref_=adv_li_tt","/title/tt0069004/?ref_=adv_li_tt","/title/tt0845442/?ref_=adv_li_tt","/title/tt0393394/?ref_=adv_li_tt","/title/tt0054668/?ref_=adv_li_tt","/title/tt0108371/?ref_=adv_li_tt","/title/tt2034009/?ref_=adv_li_tt","/title/tt0183882/?ref_=adv_li_tt","/title/tt1753750/?ref_=adv_li_tt","/title/tt4205920/?ref_=adv_li_tt","/title/tt0454953/?ref_=adv_li_tt","/title/tt4879102/?ref_=adv_li_tt","/title/tt3682708/?ref_=adv_li_tt","/title/tt2340888/?ref_=adv_li_tt","/title/tt0271984/?ref_=adv_li_tt","/title/tt0097905/?ref_=adv_li_tt","/title/tt4491146/?ref_=adv_li_tt","/title/tt0052555/?ref_=adv_li_tt","/title/tt1603314/?ref_=adv_li_tt","/title/tt3463050/?ref_=adv_li_tt","/title/tt4942404/?ref_=adv_li_tt","/title/tt0330568/?ref_=adv_li_tt","/title/tt0099749/?ref_=adv_li_tt","/title/tt0103286/?ref_=adv_li_tt","/title/tt1964955/?ref_=adv_li_tt","/title/tt3410954/?ref_=adv_li_tt","/title/tt0971204/?ref_=adv_li_tt","/title/tt4521338/?ref_=adv_li_tt","/title/tt2425886/?ref_=adv_li_tt","/title/tt0038270/?ref_=adv_li_tt","/title/tt0055115/?ref_=adv_li_tt","/title/tt4779026/?ref_=adv_li_tt","/title/tt0097972/?ref_=adv_li_tt","/title/tt0068772/?ref_=adv_li_tt","/title/tt5707548/?ref_=adv_li_tt","/title/tt7981492/?ref_=adv_li_tt","/title/tt2293824/?ref_=adv_li_tt","/title/tt0482577/?ref_=adv_li_tt","/title/tt1085806/?ref_=adv_li_tt","/title/tt1563154/?ref_=adv_li_tt","/title/tt2585548/?ref_=adv_li_tt","/title/tt0498386/?ref_=adv_li_tt","/title/tt3117746/?ref_=adv_li_tt","/title/tt6080914/?ref_=adv_li_tt","/title/tt0075999/?ref_=adv_li_tt","/title/tt0074768/?ref_=adv_li_tt","/title/tt0113210/?ref_=adv_li_tt","/title/tt0069850/?ref_=adv_li_tt","/title/tt0091112/?ref_=adv_li_tt","/title/tt3310848/?ref_=adv_li_tt","/title/tt0070657/?ref_=adv_li_tt","/title/tt0428646/?ref_=adv_li_tt","/title/tt0259831/?ref_=adv_li_tt","/title/tt1475531/?ref_=adv_li_tt","/title/tt0080499/?ref_=adv_li_tt","/title/tt3654052/?ref_=adv_li_tt","/title/tt0267601/?ref_=adv_li_tt","/title/tt4945764/?ref_=adv_li_tt","/title/tt1520494/?ref_=adv_li_tt","/title/tt0062292/?ref_=adv_li_tt","/title/tt1219822/?ref_=adv_li_tt","/title/tt2630300/?ref_=adv_li_tt","/title/tt1285217/?ref_=adv_li_tt","/title/tt0044344/?ref_=adv_li_tt","/title/tt5365080/?ref_=adv_li_tt","/title/tt6969814/?ref_=adv_li_tt","/title/tt1984177/?ref_=adv_li_tt","/title/tt0078235/?ref_=adv_li_tt","/title/tt0072831/?ref_=adv_li_tt","/title/tt0109553/?ref_=adv_li_tt","/title/tt0177766/?ref_=adv_li_tt","/title/tt5178348/?ref_=adv_li_tt","/title/tt1104679/?ref_=adv_li_tt","/title/tt0435617/?ref_=adv_li_tt","/title/tt0322191/?ref_=adv_li_tt","/title/tt1260562/?ref_=adv_li_tt","/title/tt0269603/?ref_=adv_li_tt","/title/tt5326230/?ref_=adv_li_tt","/title/tt0062908/?ref_=adv_li_tt","/title/tt5483944/?ref_=adv_li_tt","/title/tt2378057/?ref_=adv_li_tt","/title/tt0444978/?ref_=adv_li_tt","/title/tt0304722/?ref_=adv_li_tt","/title/tt1078597/?ref_=adv_li_tt","/title/tt2569298/?ref_=adv_li_tt","/title/tt1648062/?ref_=adv_li_tt","/title/tt2120057/?ref_=adv_li_tt","/title/tt2820954/?ref_=adv_li_tt","/title/tt5094698/?ref_=adv_li_tt","/title/tt5787862/?ref_=adv_li_tt","/title/tt0026759/?ref_=adv_li_tt","/title/tt0293905/?ref_=adv_li_tt","/title/tt0349333/?ref_=adv_li_tt","/title/tt0415345/?ref_=adv_li_tt","/title/tt0092992/?ref_=adv_li_tt","/title/tt0033530/?ref_=adv_li_tt","/title/tt1424066/?ref_=adv_li_tt","/title/tt7054428/?ref_=adv_li_tt","/title/tt0078591/?ref_=adv_li_tt","/title/tt4817430/?ref_=adv_li_tt","/title/tt3986352/?ref_=adv_li_tt","/title/tt3135540/?ref_=adv_li_tt","/title/tt1268208/?ref_=adv_li_tt","/title/tt6293796/?ref_=adv_li_tt","/title/tt7016298/?ref_=adv_li_tt","/title/tt7712746/?ref_=adv_li_tt","/title/tt1625884/?ref_=adv_li_tt","/title/tt0080658/?ref_=adv_li_tt","/title/tt0780503/?ref_=adv_li_tt","/title/tt7446638/?ref_=adv_li_tt","/title/tt5478654/?ref_=adv_li_tt","/title/tt6225778/?ref_=adv_li_tt","/title/tt7604600/?ref_=adv_li_tt","/title/tt0094551/?ref_=adv_li_tt","/title/tt4577976/?ref_=adv_li_tt","/title/tt0234583/?ref_=adv_li_tt","/title/tt0102101/?ref_=adv_li_tt","/title/tt0095611/?ref_=adv_li_tt","/title/tt0082815/?ref_=adv_li_tt","/title/tt0330068/?ref_=adv_li_tt","/title/tt1500906/?ref_=adv_li_tt","/title/tt0138078/?ref_=adv_li_tt","/title/tt1056416/?ref_=adv_li_tt","/title/tt2805676/?ref_=adv_li_tt","/title/tt0324213/?ref_=adv_li_tt","/title/tt6148864/?ref_=adv_li_tt","/title/tt1032749/?ref_=adv_li_tt","/title/tt4730580/?ref_=adv_li_tt","/title/tt7053940/?ref_=adv_li_tt","/title/tt0060580/?ref_=adv_li_tt","/title/tt1416336/?ref_=adv_li_tt","/title/tt6832930/?ref_=adv_li_tt","/title/tt7462702/?ref_=adv_li_tt","/title/tt5935326/?ref_=adv_li_tt","/title/tt2240884/?ref_=adv_li_tt","/title/tt0102783/?ref_=adv_li_tt","/title/tt4433106/?ref_=adv_li_tt","/title/tt0215960/?ref_=adv_li_tt","/title/tt4834150/?ref_=adv_li_tt","/title/tt0131359/?ref_=adv_li_tt","/title/tt4178118/?ref_=adv_li_tt","/title/tt7275252/?ref_=adv_li_tt","/title/tt2292989/?ref_=adv_li_tt","/title/tt5105136/?ref_=adv_li_tt","/title/tt0077844/?ref_=adv_li_tt","/title/tt0069386/?ref_=adv_li_tt","/title/tt7050896/?ref_=adv_li_tt","/title/tt0259322/?ref_=adv_li_tt","/title/tt0100262/?ref_=adv_li_tt","/title/tt0475989/?ref_=adv_li_tt","/title/tt2114440/?ref_=adv_li_tt","/title/tt0067176/?ref_=adv_li_tt","/title/tt6753844/?ref_=adv_li_tt","/title/tt0097806/?ref_=adv_li_tt","/title/tt4602554/?ref_=adv_li_tt","/title/tt2002789/?ref_=adv_li_tt","/title/tt5597852/?ref_=adv_li_tt","/title/tt0225434/?ref_=adv_li_tt","/title/tt7487290/?ref_=adv_li_tt","/title/tt0147653/?ref_=adv_li_tt","/title/tt0102767/?ref_=adv_li_tt","/title/tt4993722/?ref_=adv_li_tt","/title/tt0147582/?ref_=adv_li_tt","/title/tt0051654/?ref_=adv_li_tt","/title/tt1560950/?ref_=adv_li_tt","/title/tt4844692/?ref_=adv_li_tt","/title/tt2806386/?ref_=adv_li_tt","/title/tt2357866/?ref_=adv_li_tt","/title/tt0391720/?ref_=adv_li_tt","/title/tt0355427/?ref_=adv_li_tt","/title/tt0438551/?ref_=adv_li_tt","/title/tt6492664/?ref_=adv_li_tt","/title/tt4008566/?ref_=adv_li_tt","/title/tt0335473/?ref_=adv_li_tt","/title/tt0159646/?ref_=adv_li_tt","/title/tt2493466/?ref_=adv_li_tt","/title/tt5040282/?ref_=adv_li_tt","/title/tt0363480/?ref_=adv_li_tt","/title/tt0079915/?ref_=adv_li_tt","/title/tt2146834/?ref_=adv_li_tt","/title/tt2463692/?ref_=adv_li_tt","/title/tt0067843/?ref_=adv_li_tt","/title/tt0114959/?ref_=adv_li_tt","/title/tt0118183/?ref_=adv_li_tt","/title/tt0109865/?ref_=adv_li_tt","/title/tt0071795/?ref_=adv_li_tt","/title/tt4565982/?ref_=adv_li_tt","/title/tt0081286/?ref_=adv_li_tt","/title/tt0848552/?ref_=adv_li_tt","/title/tt1118693/?ref_=adv_li_tt","/title/tt2151560/?ref_=adv_li_tt","/title/tt0071120/?ref_=adv_li_tt","/title/tt0101448/?ref_=adv_li_tt","/title/tt5288366/?ref_=adv_li_tt","/title/tt0068746/?ref_=adv_li_tt","/title/tt1354543/?ref_=adv_li_tt","/title/tt4968564/?ref_=adv_li_tt","/title/tt1379178/?ref_=adv_li_tt","/title/tt0073206/?ref_=adv_li_tt","/title/tt0071507/?ref_=adv_li_tt","/title/tt0489062/?ref_=adv_li_tt","/title/tt2406676/?ref_=adv_li_tt","/title/tt5085432/?ref_=adv_li_tt","/title/tt0317042/?ref_=adv_li_tt","/title/tt5861882/?ref_=adv_li_tt","/title/tt0059161/?ref_=adv_li_tt","/title/tt8050598/?ref_=adv_li_tt","/title/tt0074691/?ref_=adv_li_tt","/title/tt1839387/?ref_=adv_li_tt","/title/tt3037632/?ref_=adv_li_tt","/title/tt7456838/?ref_=adv_li_tt","/title/tt3699572/?ref_=adv_li_tt","/title/tt0093420/?ref_=adv_li_tt","/title/tt2344508/?ref_=adv_li_tt","/title/tt3319212/?ref_=adv_li_tt","/title/tt3581618/?ref_=adv_li_tt","/title/tt2993466/?ref_=adv_li_tt","/title/tt0074701/?ref_=adv_li_tt","/title/tt1721055/?ref_=adv_li_tt","/title/tt4841648/?ref_=adv_li_tt","/title/tt0322282/?ref_=adv_li_tt","/title/tt4741972/?ref_=adv_li_tt","/title/tt0077254/?ref_=adv_li_tt","/title/tt2270372/?ref_=adv_li_tt","/title/tt1229405/?ref_=adv_li_tt","/title/tt0810924/?ref_=adv_li_tt","/title/tt0475970/?ref_=adv_li_tt","/title/tt0107228/?ref_=adv_li_tt","/title/tt8059398/?ref_=adv_li_tt","/title/tt0075088/?ref_=adv_li_tt","/title/tt0217442/?ref_=adv_li_tt","/title/tt0823726/?ref_=adv_li_tt","/title/tt0116371/?ref_=adv_li_tt","/title/tt5241534/?ref_=adv_li_tt","/title/tt2797642/?ref_=adv_li_tt","/title/tt0089326/?ref_=adv_li_tt","/title/tt5783382/?ref_=adv_li_tt","/title/tt3130640/?ref_=adv_li_tt","/title/tt0288906/?ref_=adv_li_tt","/title/tt0118951/?ref_=adv_li_tt","/title/tt0124348/?ref_=adv_li_tt","/title/tt0073609/?ref_=adv_li_tt","/title/tt5906984/?ref_=adv_li_tt","/title/tt1523367/?ref_=adv_li_tt","/title/tt0451010/?ref_=adv_li_tt","/title/tt0155278/?ref_=adv_li_tt","/title/tt2972982/?ref_=adv_li_tt","/title/tt2604704/?ref_=adv_li_tt","/title/tt4071550/?ref_=adv_li_tt","/title/tt0100373/?ref_=adv_li_tt","/title/tt0095126/?ref_=adv_li_tt","/title/tt0197765/?ref_=adv_li_tt","/title/tt5003932/?ref_=adv_li_tt","/title/tt1414707/?ref_=adv_li_tt","/title/tt5005454/?ref_=adv_li_tt","/title/tt0410537/?ref_=adv_li_tt","/title/tt1339307/?ref_=adv_li_tt","/title/tt0878230/?ref_=adv_li_tt","/title/tt1423592/?ref_=adv_li_tt","/title/tt0040472/?ref_=adv_li_tt","/title/tt0023235/?ref_=adv_li_tt","/title/tt0244167/?ref_=adv_li_tt","/title/tt0064726/?ref_=adv_li_tt","/title/tt1220903/?ref_=adv_li_tt","/title/tt0451197/?ref_=adv_li_tt","/title/tt7159092/?ref_=adv_li_tt","/title/tt0108100/?ref_=adv_li_tt","/title/tt1539997/?ref_=adv_li_tt","/title/tt0071617/?ref_=adv_li_tt","/title/tt0067503/?ref_=adv_li_tt","/title/tt2122424/?ref_=adv_li_tt","/title/tt1308660/?ref_=adv_li_tt","/title/tt0052820/?ref_=adv_li_tt","/title/tt2064864/?ref_=adv_li_tt","/title/tt1634141/?ref_=adv_li_tt","/title/tt0160303/?ref_=adv_li_tt","/title/tt5354458/?ref_=adv_li_tt","/title/tt0265105/?ref_=adv_li_tt","/title/tt0102210/?ref_=adv_li_tt","/title/tt3278662/?ref_=adv_li_tt","/title/tt5892408/?ref_=adv_li_tt","/title/tt1745919/?ref_=adv_li_tt","/title/tt5639650/?ref_=adv_li_tt","/title/tt8025310/?ref_=adv_li_tt","/title/tt3891454/?ref_=adv_li_tt","/title/tt4958164/?ref_=adv_li_tt","/title/tt0497373/?ref_=adv_li_tt","/title/tt0101670/?ref_=adv_li_tt","/title/tt0221581/?ref_=adv_li_tt","/title/tt5086308/?ref_=adv_li_tt","/title/tt0114334/?ref_=adv_li_tt","/title/tt7504834/?ref_=adv_li_tt","/title/tt2951616/?ref_=adv_li_tt","/title/tt0065762/?ref_=adv_li_tt","/title/tt1708390/?ref_=adv_li_tt","/title/tt5870150/?ref_=adv_li_tt","/title/tt0045699/?ref_=adv_li_tt","/title/tt6992030/?ref_=adv_li_tt","/title/tt1774580/?ref_=adv_li_tt","/title/tt4164244/?ref_=adv_li_tt","/title/tt2321501/?ref_=adv_li_tt","/title/tt4921860/?ref_=adv_li_tt","/title/tt5192436/?ref_=adv_li_tt","/title/tt2542616/?ref_=adv_li_tt","/title/tt1332644/?ref_=adv_li_tt","/title/tt0487759/?ref_=adv_li_tt","/title/tt0478073/?ref_=adv_li_tt","/title/tt1857718/?ref_=adv_li_tt","/title/tt1316577/?ref_=adv_li_tt","/title/tt0075419/?ref_=adv_li_tt","/title/tt1790033/?ref_=adv_li_tt","/title/tt2620490/?ref_=adv_li_tt","/title/tt1509109/?ref_=adv_li_tt","/title/tt1430618/?ref_=adv_li_tt","/title/tt2252444/?ref_=adv_li_tt","/title/tt0088752/?ref_=adv_li_tt","/title/tt6057200/?ref_=adv_li_tt","/title/tt2228212/?ref_=adv_li_tt","/title/tt0078880/?ref_=adv_li_tt","/title/tt5293828/?ref_=adv_li_tt","/title/tt0142257/?ref_=adv_li_tt","/title/tt0365432/?ref_=adv_li_tt","/title/tt0094591/?ref_=adv_li_tt","/title/tt8128866/?ref_=adv_li_tt","/title/tt5883124/?ref_=adv_li_tt","/title/tt6170262/?ref_=adv_li_tt","/title/tt0062345/?ref_=adv_li_tt","/title/tt1570619/?ref_=adv_li_tt","/title/tt0107684/?ref_=adv_li_tt","/title/tt0069362/?ref_=adv_li_tt","/title/tt2069743/?ref_=adv_li_tt","/title/tt1151911/?ref_=adv_li_tt","/title/tt3038578/?ref_=adv_li_tt","/title/tt6003954/?ref_=adv_li_tt","/title/tt4267296/?ref_=adv_li_tt","/title/tt2320628/?ref_=adv_li_tt","/title/tt0100498/?ref_=adv_li_tt","/title/tt3702580/?ref_=adv_li_tt","/title/tt7060566/?ref_=adv_li_tt","/title/tt0090928/?ref_=adv_li_tt","/title/tt0923653/?ref_=adv_li_tt","/title/tt7078810/?ref_=adv_li_tt","/title/tt0083803/?ref_=adv_li_tt","/title/tt4319602/?ref_=adv_li_tt","/title/tt8115014/?ref_=adv_li_tt","/title/tt0292841/?ref_=adv_li_tt","/title/tt1016241/?ref_=adv_li_tt","/title/tt1451708/?ref_=adv_li_tt","/title/tt0071471/?ref_=adv_li_tt","/title/tt3995026/?ref_=adv_li_tt","/title/tt5644006/?ref_=adv_li_tt","/title/tt1099204/?ref_=adv_li_tt","/title/tt0098404/?ref_=adv_li_tt","/title/tt3737012/?ref_=adv_li_tt","/title/tt2891234/?ref_=adv_li_tt","/title/tt0172345/?ref_=adv_li_tt","/title/tt0456931/?ref_=adv_li_tt","/title/tt1109478/?ref_=adv_li_tt","/title/tt0057926/?ref_=adv_li_tt","/title/tt0179359/?ref_=adv_li_tt","/title/tt0178935/?ref_=adv_li_tt","/title/tt4045384/?ref_=adv_li_tt","/title/tt2429870/?ref_=adv_li_tt","/title/tt0435631/?ref_=adv_li_tt","/title/tt2435174/?ref_=adv_li_tt","/title/tt0099856/?ref_=adv_li_tt","/title/tt0266875/?ref_=adv_li_tt","/title/tt1517225/?ref_=adv_li_tt","/title/tt2006719/?ref_=adv_li_tt","/title/tt2923256/?ref_=adv_li_tt","/title/tt7035992/?ref_=adv_li_tt","/title/tt3593120/?ref_=adv_li_tt","/title/tt4086116/?ref_=adv_li_tt","/title/tt0105311/?ref_=adv_li_tt","/title/tt7798918/?ref_=adv_li_tt","/title/tt0065480/?ref_=adv_li_tt","/title/tt7397098/?ref_=adv_li_tt","/title/tt1935094/?ref_=adv_li_tt","/title/tt0093775/?ref_=adv_li_tt","/title/tt0066132/?ref_=adv_li_tt","/title/tt0090582/?ref_=adv_li_tt","/title/tt3683440/?ref_=adv_li_tt","/title/tt7912354/?ref_=adv_li_tt","/title/tt6244592/?ref_=adv_li_tt","/title/tt1291582/?ref_=adv_li_tt","/title/tt5093076/?ref_=adv_li_tt","/title/tt2363518/?ref_=adv_li_tt","/title/tt5431946/?ref_=adv_li_tt","/title/tt0103270/?ref_=adv_li_tt","/title/tt6427912/?ref_=adv_li_tt","/title/tt3229260/?ref_=adv_li_tt","/title/tt6006924/?ref_=adv_li_tt","/title/tt3643390/?ref_=adv_li_tt","/title/tt6280802/?ref_=adv_li_tt","/title/tt0278410/?ref_=adv_li_tt","/title/tt4764942/?ref_=adv_li_tt","/title/tt0412936/?ref_=adv_li_tt","/title/tt1754228/?ref_=adv_li_tt","/title/tt0385846/?ref_=adv_li_tt","/title/tt2158531/?ref_=adv_li_tt","/title/tt0053630/?ref_=adv_li_tt","/title/tt4701908/?ref_=adv_li_tt","/title/tt0433969/?ref_=adv_li_tt","/title/tt0451109/?ref_=adv_li_tt","/title/tt6957816/?ref_=adv_li_tt","/title/tt1345503/?ref_=adv_li_tt","/title/tt0914364/?ref_=adv_li_tt","/title/tt0094942/?ref_=adv_li_tt","/title/tt4586136/?ref_=adv_li_tt","/title/tt0062851/?ref_=adv_li_tt","/title/tt0085415/?ref_=adv_li_tt","/title/tt0434762/?ref_=adv_li_tt","/title/tt0031208/?ref_=adv_li_tt","/title/tt0826024/?ref_=adv_li_tt","/title/tt4065214/?ref_=adv_li_tt","/title/tt0381324/?ref_=adv_li_tt","/title/tt0346911/?ref_=adv_li_tt","/title/tt5655098/?ref_=adv_li_tt","/title/tt0493409/?ref_=adv_li_tt","/title/tt1612573/?ref_=adv_li_tt","/title/tt0022173/?ref_=adv_li_tt","/title/tt0114554/?ref_=adv_li_tt","/title/tt2361237/?ref_=adv_li_tt","/title/tt3548442/?ref_=adv_li_tt","/title/tt3589016/?ref_=adv_li_tt","/title/tt0089299/?ref_=adv_li_tt","/title/tt2587194/?ref_=adv_li_tt","/title/tt0436370/?ref_=adv_li_tt","/title/tt3713400/?ref_=adv_li_tt","/title/tt6431752/?ref_=adv_li_tt","/title/tt7380420/?ref_=adv_li_tt","/title/tt1007032/?ref_=adv_li_tt","/title/tt0355473/?ref_=adv_li_tt","/title/tt0118181/?ref_=adv_li_tt","/title/tt1282045/?ref_=adv_li_tt","/title/tt0309916/?ref_=adv_li_tt","/title/tt2338027/?ref_=adv_li_tt","/title/tt0036959/?ref_=adv_li_tt","/title/tt0067396/?ref_=adv_li_tt","/title/tt0415855/?ref_=adv_li_tt","/title/tt0100943/?ref_=adv_li_tt","/title/tt0038621/?ref_=adv_li_tt","/title/tt0014586/?ref_=adv_li_tt","/title/tt3619476/?ref_=adv_li_tt","/title/tt5201934/?ref_=adv_li_tt","/title/tt0222344/?ref_=adv_li_tt","/title/tt0985285/?ref_=adv_li_tt","/title/tt6014474/?ref_=adv_li_tt","/title/tt3463878/?ref_=adv_li_tt","/title/tt0080648/?ref_=adv_li_tt","/title/tt1964634/?ref_=adv_li_tt","/title/tt2764996/?ref_=adv_li_tt","/title/tt1829744/?ref_=adv_li_tt","/title/tt0265736/?ref_=adv_li_tt","/title/tt1482859/?ref_=adv_li_tt","/title/tt1229781/?ref_=adv_li_tt","/title/tt3918800/?ref_=adv_li_tt","/title/tt0469093/?ref_=adv_li_tt","/title/tt3713558/?ref_=adv_li_tt","/title/tt3231734/?ref_=adv_li_tt","/title/tt6512982/?ref_=adv_li_tt","/title/tt0446673/?ref_=adv_li_tt","/title/tt0111474/?ref_=adv_li_tt","/title/tt0367151/?ref_=adv_li_tt","/title/tt0102296/?ref_=adv_li_tt","/title/tt0056648/?ref_=adv_li_tt","/title/tt0338006/?ref_=adv_li_tt","/title/tt0097021/?ref_=adv_li_tt","/title/tt3009410/?ref_=adv_li_tt","/title/tt0990363/?ref_=adv_li_tt","/title/tt0389683/?ref_=adv_li_tt","/title/tt0286653/?ref_=adv_li_tt","/title/tt1735233/?ref_=adv_li_tt","/title/tt2220696/?ref_=adv_li_tt","/title/tt2903778/?ref_=adv_li_tt","/title/tt2619682/?ref_=adv_li_tt","/title/tt0117661/?ref_=adv_li_tt","/title/tt0795505/?ref_=adv_li_tt","/title/tt4034380/?ref_=adv_li_tt","/title/tt0066845/?ref_=adv_li_tt","/title/tt0066360/?ref_=adv_li_tt","/title/tt0888019/?ref_=adv_li_tt","/title/tt0950749/?ref_=adv_li_tt","/title/tt2567220/?ref_=adv_li_tt","/title/tt0061140/?ref_=adv_li_tt","/title/tt1954961/?ref_=adv_li_tt","/title/tt2525156/?ref_=adv_li_tt","/title/tt2015503/?ref_=adv_li_tt","/title/tt7138276/?ref_=adv_li_tt","/title/tt2316463/?ref_=adv_li_tt","/title/tt0052844/?ref_=adv_li_tt","/title/tt0263746/?ref_=adv_li_tt","/title/tt0058653/?ref_=adv_li_tt","/title/tt3849610/?ref_=adv_li_tt","/title/tt1964630/?ref_=adv_li_tt","/title/tt0352830/?ref_=adv_li_tt","/title/tt1105742/?ref_=adv_li_tt","/title/tt0094969/?ref_=adv_li_tt","/title/tt0095716/?ref_=adv_li_tt","/title/tt7948810/?ref_=adv_li_tt","/title/tt1462506/?ref_=adv_li_tt","/title/tt0353625/?ref_=adv_li_tt","/title/tt2415710/?ref_=adv_li_tt","/title/tt0075857/?ref_=adv_li_tt","/title/tt7156756/?ref_=adv_li_tt","/title/tt0068481/?ref_=adv_li_tt","/title/tt6046282/?ref_=adv_li_tt","/title/tt1056467/?ref_=adv_li_tt","/title/tt0088852/?ref_=adv_li_tt","/title/tt0062690/?ref_=adv_li_tt","/title/tt0826587/?ref_=adv_li_tt","/title/tt0112661/?ref_=adv_li_tt","/title/tt6418570/?ref_=adv_li_tt","/title/tt0844319/?ref_=adv_li_tt","/title/tt4544468/?ref_=adv_li_tt","/title/tt4450562/?ref_=adv_li_tt","/title/tt6840904/?ref_=adv_li_tt","/title/tt5229754/?ref_=adv_li_tt","/title/tt4760268/?ref_=adv_li_tt","/title/tt8008938/?ref_=adv_li_tt","/title/tt7826246/?ref_=adv_li_tt","/title/tt1261065/?ref_=adv_li_tt","/title/tt1190910/?ref_=adv_li_tt","/title/tt4882782/?ref_=adv_li_tt","/title/tt8050756/?ref_=adv_li_tt","/title/tt0105527/?ref_=adv_li_tt","/title/tt7592360/?ref_=adv_li_tt","/title/tt5684930/?ref_=adv_li_tt","/title/tt1640569/?ref_=adv_li_tt","/title/tt7246786/?ref_=adv_li_tt","/title/tt2328841/?ref_=adv_li_tt","/title/tt2170371/?ref_=adv_li_tt","/title/tt7126710/?ref_=adv_li_tt","/title/tt0362387/?ref_=adv_li_tt","/title/tt1634275/?ref_=adv_li_tt","/title/tt4667876/?ref_=adv_li_tt","/title/tt0256858/?ref_=adv_li_tt","/title/tt0295732/?ref_=adv_li_tt","/title/tt1336621/?ref_=adv_li_tt","/title/tt0134902/?ref_=adv_li_tt","/title/tt4876302/?ref_=adv_li_tt","/title/tt2267454/?ref_=adv_li_tt","/title/tt5025082/?ref_=adv_li_tt","/title/tt0292698/?ref_=adv_li_tt","/title/tt1958007/?ref_=adv_li_tt","/title/tt0863095/?ref_=adv_li_tt","/title/tt1540987/?ref_=adv_li_tt","/title/tt7799116/?ref_=adv_li_tt","/title/tt0058851/?ref_=adv_li_tt","/title/tt0357173/?ref_=adv_li_tt","/title/tt1448754/?ref_=adv_li_tt","/title/tt0057155/?ref_=adv_li_tt","/title/tt0136376/?ref_=adv_li_tt","/title/tt0051631/?ref_=adv_li_tt","/title/tt2367954/?ref_=adv_li_tt","/title/tt4960466/?ref_=adv_li_tt","/title/tt4207094/?ref_=adv_li_tt","/title/tt5174624/?ref_=adv_li_tt","/title/tt0070446/?ref_=adv_li_tt","/title/tt0288905/?ref_=adv_li_tt","/title/tt1251368/?ref_=adv_li_tt","/title/tt1114757/?ref_=adv_li_tt","/title/tt2362036/?ref_=adv_li_tt","/title/tt4842814/?ref_=adv_li_tt","/title/tt0238012/?ref_=adv_li_tt","/title/tt5438214/?ref_=adv_li_tt","/title/tt1529558/?ref_=adv_li_tt","/title/tt0311792/?ref_=adv_li_tt","/title/tt2854692/?ref_=adv_li_tt","/title/tt2659356/?ref_=adv_li_tt","/title/tt1190919/?ref_=adv_li_tt","/title/tt0156417/?ref_=adv_li_tt","/title/tt2271135/?ref_=adv_li_tt","/title/tt0874917/?ref_=adv_li_tt","/title/tt6250792/?ref_=adv_li_tt","/title/tt4765610/?ref_=adv_li_tt","/title/tt0172794/?ref_=adv_li_tt","/title/tt2340554/?ref_=adv_li_tt","/title/tt6793280/?ref_=adv_li_tt","/title/tt7476524/?ref_=adv_li_tt","/title/tt2558996/?ref_=adv_li_tt","/title/tt0302531/?ref_=adv_li_tt","/title/tt7611352/?ref_=adv_li_tt","/title/tt1043427/?ref_=adv_li_tt","/title/tt6407592/?ref_=adv_li_tt","/title/tt2125650/?ref_=adv_li_tt","/title/tt0291419/?ref_=adv_li_tt","/title/tt0779285/?ref_=adv_li_tt","/title/tt0914796/?ref_=adv_li_tt","/title/tt0878657/?ref_=adv_li_tt","/title/tt0026912/?ref_=adv_li_tt","/title/tt0286975/?ref_=adv_li_tt","/title/tt1373405/?ref_=adv_li_tt","/title/tt2241471/?ref_=adv_li_tt","/title/tt0343449/?ref_=adv_li_tt","/title/tt0120039/?ref_=adv_li_tt","/title/tt0273907/?ref_=adv_li_tt","/title/tt0114957/?ref_=adv_li_tt","/title/tt0102489/?ref_=adv_li_tt","/title/tt6220224/?ref_=adv_li_tt","/title/tt0065917/?ref_=adv_li_tt","/title/tt5887838/?ref_=adv_li_tt","/title/tt3409640/?ref_=adv_li_tt","/title/tt6782146/?ref_=adv_li_tt","/title/tt4335636/?ref_=adv_li_tt","/title/tt5448998/?ref_=adv_li_tt","/title/tt0100324/?ref_=adv_li_tt","/title/tt6146812/?ref_=adv_li_tt","/title/tt0244786/?ref_=adv_li_tt","/title/tt0075220/?ref_=adv_li_tt","/title/tt1160315/?ref_=adv_li_tt","/title/tt2149025/?ref_=adv_li_tt","/title/tt7068588/?ref_=adv_li_tt","/title/tt2520054/?ref_=adv_li_tt","/title/tt0294251/?ref_=adv_li_tt","/title/tt2549996/?ref_=adv_li_tt","/title/tt2071445/?ref_=adv_li_tt","/title/tt3209112/?ref_=adv_li_tt","/title/tt5985720/?ref_=adv_li_tt","/title/tt0036731/?ref_=adv_li_tt","/title/tt0051151/?ref_=adv_li_tt","/title/tt3506984/?ref_=adv_li_tt","/title/tt0297745/?ref_=adv_li_tt","/title/tt0795463/?ref_=adv_li_tt","/title/tt0260335/?ref_=adv_li_tt","/title/tt3378000/?ref_=adv_li_tt","/title/tt5276332/?ref_=adv_li_tt","/title/tt0296177/?ref_=adv_li_tt","/title/tt6566942/?ref_=adv_li_tt","/title/tt4416878/?ref_=adv_li_tt","/title/tt0309721/?ref_=adv_li_tt","/title/tt1844633/?ref_=adv_li_tt","/title/tt4675356/?ref_=adv_li_tt","/title/tt5031658/?ref_=adv_li_tt","/title/tt4805926/?ref_=adv_li_tt","/title/tt6469884/?ref_=adv_li_tt","/title/tt2359347/?ref_=adv_li_tt","/title/tt6318608/?ref_=adv_li_tt","/title/tt0462634/?ref_=adv_li_tt","/title/tt0322280/?ref_=adv_li_tt","/title/tt0337744/?ref_=adv_li_tt","/title/tt0063255/?ref_=adv_li_tt","/title/tt1727800/?ref_=adv_li_tt","/title/tt0113271/?ref_=adv_li_tt","/title/tt0156020/?ref_=adv_li_tt","/title/tt5533938/?ref_=adv_li_tt","/title/tt0091752/?ref_=adv_li_tt","/title/tt0171512/?ref_=adv_li_tt","/title/tt2577636/?ref_=adv_li_tt","/title/tt0167438/?ref_=adv_li_tt","/title/tt0092623/?ref_=adv_li_tt","/title/tt1753427/?ref_=adv_li_tt","/title/tt6744330/?ref_=adv_li_tt","/title/tt2459028/?ref_=adv_li_tt","/title/tt4723090/?ref_=adv_li_tt","/title/tt2554714/?ref_=adv_li_tt","/title/tt0114466/?ref_=adv_li_tt","/title/tt0031614/?ref_=adv_li_tt","/title/tt2322420/?ref_=adv_li_tt","/title/tt0068960/?ref_=adv_li_tt","/title/tt7349032/?ref_=adv_li_tt","/title/tt0230575/?ref_=adv_li_tt","/title/tt4452210/?ref_=adv_li_tt","/title/tt0060984/?ref_=adv_li_tt","/title/tt0329890/?ref_=adv_li_tt","/title/tt0060109/?ref_=adv_li_tt","/title/tt0164592/?ref_=adv_li_tt","/title/tt2196844/?ref_=adv_li_tt","/title/tt0281919/?ref_=adv_li_tt","/title/tt1138464/?ref_=adv_li_tt","/title/tt0052929/?ref_=adv_li_tt","/title/tt0870039/?ref_=adv_li_tt","/title/tt0078159/?ref_=adv_li_tt","/title/tt0423881/?ref_=adv_li_tt","/title/tt7229290/?ref_=adv_li_tt","/title/tt5039416/?ref_=adv_li_tt","/title/tt3397992/?ref_=adv_li_tt","/title/tt0062758/?ref_=adv_li_tt","/title/tt0847212/?ref_=adv_li_tt","/title/tt4975312/?ref_=adv_li_tt","/title/tt2252304/?ref_=adv_li_tt","/title/tt0087129/?ref_=adv_li_tt","/title/tt4456096/?ref_=adv_li_tt","/title/tt5240674/?ref_=adv_li_tt","/title/tt2076862/?ref_=adv_li_tt","/title/tt4697228/?ref_=adv_li_tt","/title/tt0280672/?ref_=adv_li_tt","/title/tt0295369/?ref_=adv_li_tt","/title/tt0328899/?ref_=adv_li_tt","/title/tt1357352/?ref_=adv_li_tt","/title/tt3271314/?ref_=adv_li_tt","/title/tt0111672/?ref_=adv_li_tt","/title/tt0024895/?ref_=adv_li_tt","/title/tt0122685/?ref_=adv_li_tt","/title/tt1461395/?ref_=adv_li_tt","/title/tt0106864/?ref_=adv_li_tt","/title/tt6341094/?ref_=adv_li_tt","/title/tt1860322/?ref_=adv_li_tt","/title/tt4813254/?ref_=adv_li_tt","/title/tt0418096/?ref_=adv_li_tt","/title/tt0845955/?ref_=adv_li_tt","/title/tt5322136/?ref_=adv_li_tt","/title/tt3200412/?ref_=adv_li_tt","/title/tt4661276/?ref_=adv_li_tt","/title/tt0210302/?ref_=adv_li_tt","/title/tt2317414/?ref_=adv_li_tt","/title/tt3116532/?ref_=adv_li_tt","/title/tt0276011/?ref_=adv_li_tt","/title/tt7208866/?ref_=adv_li_tt","/title/tt0398561/?ref_=adv_li_tt","/title/tt0116573/?ref_=adv_li_tt","/title/tt6913998/?ref_=adv_li_tt","/title/tt0112257/?ref_=adv_li_tt","/title/tt0070001/?ref_=adv_li_tt","/title/tt3210252/?ref_=adv_li_tt","/title/tt7136266/?ref_=adv_li_tt","/title/tt0926758/?ref_=adv_li_tt","/title/tt2328772/?ref_=adv_li_tt","/title/tt5292928/?ref_=adv_li_tt","/title/tt7858616/?ref_=adv_li_tt","/title/tt3263530/?ref_=adv_li_tt","/title/tt0179663/?ref_=adv_li_tt","/title/tt1568332/?ref_=adv_li_tt","/title/tt0237959/?ref_=adv_li_tt","/title/tt1191114/?ref_=adv_li_tt","/title/tt6018036/?ref_=adv_li_tt","/title/tt3264194/?ref_=adv_li_tt","/title/tt0453091/?ref_=adv_li_tt","/title/tt7231814/?ref_=adv_li_tt","/title/tt0081366/?ref_=adv_li_tt","/title/tt0378417/?ref_=adv_li_tt","/title/tt0326889/?ref_=adv_li_tt","/title/tt3980228/?ref_=adv_li_tt","/title/tt2387804/?ref_=adv_li_tt","/title/tt1273200/?ref_=adv_li_tt","/title/tt7265056/?ref_=adv_li_tt","/title/tt0114344/?ref_=adv_li_tt","/title/tt7144874/?ref_=adv_li_tt","/title/tt1239459/?ref_=adv_li_tt","/title/tt0083585/?ref_=adv_li_tt","/title/tt2336104/?ref_=adv_li_tt","/title/tt6322522/?ref_=adv_li_tt","/title/tt6582632/?ref_=adv_li_tt","/title/tt0100991/?ref_=adv_li_tt","/title/tt0417072/?ref_=adv_li_tt","/title/tt4631100/?ref_=adv_li_tt","/title/tt0928375/?ref_=adv_li_tt","/title/tt6118878/?ref_=adv_li_tt","/title/tt6100248/?ref_=adv_li_tt","/title/tt1071909/?ref_=adv_li_tt","/title/tt3776104/?ref_=adv_li_tt","/title/tt7947624/?ref_=adv_li_tt","/title/tt5231116/?ref_=adv_li_tt","/title/tt8129312/?ref_=adv_li_tt","/title/tt0352014/?ref_=adv_li_tt","/title/tt7908834/?ref_=adv_li_tt","/title/tt0489019/?ref_=adv_li_tt","/title/tt0487011/?ref_=adv_li_tt","/title/tt3007924/?ref_=adv_li_tt","/title/tt0936468/?ref_=adv_li_tt","/title/tt0088828/?ref_=adv_li_tt","/title/tt0085156/?ref_=adv_li_tt","/title/tt0116026/?ref_=adv_li_tt","/title/tt2716062/?ref_=adv_li_tt","/title/tt0048240/?ref_=adv_li_tt","/title/tt1561479/?ref_=adv_li_tt","/title/tt0223250/?ref_=adv_li_tt","/title/tt0106666/?ref_=adv_li_tt","/title/tt1935104/?ref_=adv_li_tt","/title/tt7044076/?ref_=adv_li_tt","/title/tt3129406/?ref_=adv_li_tt","/title/tt0471726/?ref_=adv_li_tt","/title/tt0093741/?ref_=adv_li_tt","/title/tt0235606/?ref_=adv_li_tt","/title/tt0104787/?ref_=adv_li_tt","/title/tt6607218/?ref_=adv_li_tt","/title/tt0091847/?ref_=adv_li_tt","/title/tt1651142/?ref_=adv_li_tt","/title/tt6665250/?ref_=adv_li_tt","/title/tt3043194/?ref_=adv_li_tt","/title/tt1842381/?ref_=adv_li_tt","/title/tt2279231/?ref_=adv_li_tt","/title/tt0091617/?ref_=adv_li_tt","/title/tt0077382/?ref_=adv_li_tt","/title/tt1323917/?ref_=adv_li_tt","/title/tt1229370/?ref_=adv_li_tt","/title/tt5639410/?ref_=adv_li_tt","/title/tt2363461/?ref_=adv_li_tt","/title/tt0063145/?ref_=adv_li_tt","/title/tt1698656/?ref_=adv_li_tt","/title/tt0092577/?ref_=adv_li_tt","/title/tt0112525/?ref_=adv_li_tt","/title/tt0037453/?ref_=adv_li_tt","/title/tt6420986/?ref_=adv_li_tt","/title/tt0101477/?ref_=adv_li_tt","/title/tt2081343/?ref_=adv_li_tt","/title/tt0264412/?ref_=adv_li_tt","/title/tt0083183/?ref_=adv_li_tt","/title/tt0065932/?ref_=adv_li_tt","/title/tt0080080/?ref_=adv_li_tt","/title/tt1010012/?ref_=adv_li_tt","/title/tt3885696/?ref_=adv_li_tt","/title/tt2180317/?ref_=adv_li_tt","/title/tt3704504/?ref_=adv_li_tt","/title/tt2496400/?ref_=adv_li_tt","/title/tt0385218/?ref_=adv_li_tt","/title/tt6069336/?ref_=adv_li_tt","/title/tt0067260/?ref_=adv_li_tt","/title/tt7175956/?ref_=adv_li_tt","/title/tt1361809/?ref_=adv_li_tt","/title/tt8068228/?ref_=adv_li_tt","/title/tt0451954/?ref_=adv_li_tt","/title/tt7579788/?ref_=adv_li_tt","/title/tt0117090/?ref_=adv_li_tt","/title/tt0826776/?ref_=adv_li_tt","/title/tt8095862/?ref_=adv_li_tt","/title/tt0430082/?ref_=adv_li_tt","/title/tt2088888/?ref_=adv_li_tt","/title/tt4312842/?ref_=adv_li_tt","/title/tt1515089/?ref_=adv_li_tt","/title/tt1305800/?ref_=adv_li_tt","/title/tt1802533/?ref_=adv_li_tt","/title/tt0295884/?ref_=adv_li_tt","/title/tt0141996/?ref_=adv_li_tt","/title/tt0203343/?ref_=adv_li_tt","/title/tt7482394/?ref_=adv_li_tt","/title/tt3772918/?ref_=adv_li_tt","/title/tt0291049/?ref_=adv_li_tt","/title/tt0177394/?ref_=adv_li_tt","/title/tt2063804/?ref_=adv_li_tt","/title/tt7488548/?ref_=adv_li_tt","/title/tt0113843/?ref_=adv_li_tt","/title/tt4111782/?ref_=adv_li_tt","/title/tt1789724/?ref_=adv_li_tt","/title/tt1927012/?ref_=adv_li_tt","/title/tt2484254/?ref_=adv_li_tt","/title/tt4162860/?ref_=adv_li_tt","/title/tt5478806/?ref_=adv_li_tt","/title/tt5792468/?ref_=adv_li_tt","/title/tt1167319/?ref_=adv_li_tt","/title/tt0182905/?ref_=adv_li_tt","/title/tt0314713/?ref_=adv_li_tt","/title/tt0068272/?ref_=adv_li_tt","/title/tt4087850/?ref_=adv_li_tt","/title/tt1213856/?ref_=adv_li_tt","/title/tt0012255/?ref_=adv_li_tt","/title/tt5089740/?ref_=adv_li_tt","/title/tt7343666/?ref_=adv_li_tt","/title/tt1513835/?ref_=adv_li_tt","/title/tt3549656/?ref_=adv_li_tt","/title/tt1698655/?ref_=adv_li_tt","/title/tt5085588/?ref_=adv_li_tt","/title/tt3362908/?ref_=adv_li_tt","/title/tt0101436/?ref_=adv_li_tt","/title/tt4193604/?ref_=adv_li_tt","/title/tt0087723/?ref_=adv_li_tt","/title/tt7728548/?ref_=adv_li_tt","/title/tt0983922/?ref_=adv_li_tt","/title/tt1412541/?ref_=adv_li_tt","/title/tt4780848/?ref_=adv_li_tt","/title/tt5034082/?ref_=adv_li_tt","/title/tt0217142/?ref_=adv_li_tt","/title/tt2391094/?ref_=adv_li_tt","/title/tt0061036/?ref_=adv_li_tt","/title/tt0203726/?ref_=adv_li_tt","/title/tt4440370/?ref_=adv_li_tt","/title/tt8065292/?ref_=adv_li_tt","/title/tt3746700/?ref_=adv_li_tt","/title/tt0431418/?ref_=adv_li_tt","/title/tt6844138/?ref_=adv_li_tt","/title/tt3452710/?ref_=adv_li_tt","/title/tt0104433/?ref_=adv_li_tt","/title/tt2164708/?ref_=adv_li_tt","/title/tt0098054/?ref_=adv_li_tt","/title/tt3493042/?ref_=adv_li_tt","/title/tt3594042/?ref_=adv_li_tt","/title/tt0128673/?ref_=adv_li_tt","/title/tt1264098/?ref_=adv_li_tt","/title/tt1371141/?ref_=adv_li_tt","/title/tt0278259/?ref_=adv_li_tt","/title/tt3711196/?ref_=adv_li_tt","/title/tt1260351/?ref_=adv_li_tt","/title/tt0025271/?ref_=adv_li_tt","/title/tt0758755/?ref_=adv_li_tt","/title/tt6496016/?ref_=adv_li_tt","/title/tt2376440/?ref_=adv_li_tt","/title/tt0107618/?ref_=adv_li_tt","/title/tt0308184/?ref_=adv_li_tt","/title/tt0055106/?ref_=adv_li_tt","/title/tt1763288/?ref_=adv_li_tt","/title/tt1164997/?ref_=adv_li_tt","/title/tt0861350/?ref_=adv_li_tt","/title/tt1166118/?ref_=adv_li_tt","/title/tt1719680/?ref_=adv_li_tt","/title/tt0095812/?ref_=adv_li_tt","/title/tt4308714/?ref_=adv_li_tt","/title/tt0217680/?ref_=adv_li_tt","/title/tt4799058/?ref_=adv_li_tt","/title/tt0366726/?ref_=adv_li_tt","/title/tt4255318/?ref_=adv_li_tt","/title/tt7842716/?ref_=adv_li_tt","/title/tt0065887/?ref_=adv_li_tt","/title/tt5505532/?ref_=adv_li_tt","/title/tt2323804/?ref_=adv_li_tt","/title/tt7729952/?ref_=adv_li_tt","/title/tt1418349/?ref_=adv_li_tt","/title/tt3196418/?ref_=adv_li_tt","/title/tt0076571/?ref_=adv_li_tt","/title/tt3991054/?ref_=adv_li_tt","/title/tt0055781/?ref_=adv_li_tt","/title/tt6873926/?ref_=adv_li_tt","/title/tt0326065/?ref_=adv_li_tt","/title/tt1409798/?ref_=adv_li_tt","/title/tt1648128/?ref_=adv_li_tt","/title/tt0950500/?ref_=adv_li_tt","/title/tt6570372/?ref_=adv_li_tt","/title/tt0108154/?ref_=adv_li_tt","/title/tt1748418/?ref_=adv_li_tt","/title/tt4630466/?ref_=adv_li_tt","/title/tt1403210/?ref_=adv_li_tt","/title/tt3418844/?ref_=adv_li_tt","/title/tt4565954/?ref_=adv_li_tt","/title/tt7558960/?ref_=adv_li_tt","/title/tt0248110/?ref_=adv_li_tt","/title/tt3970874/?ref_=adv_li_tt","/title/tt0867286/?ref_=adv_li_tt","/title/tt0116848/?ref_=adv_li_tt","/title/tt0387357/?ref_=adv_li_tt","/title/tt0303732/?ref_=adv_li_tt","/title/tt1421049/?ref_=adv_li_tt","/title/tt0085299/?ref_=adv_li_tt","/title/tt0054963/?ref_=adv_li_tt","/title/tt0035123/?ref_=adv_li_tt","/title/tt3411076/?ref_=adv_li_tt","/title/tt0439309/?ref_=adv_li_tt","/title/tt7332120/?ref_=adv_li_tt","/title/tt5776460/?ref_=adv_li_tt","/title/tt0366347/?ref_=adv_li_tt","/title/tt3254656/?ref_=adv_li_tt","/title/tt5526536/?ref_=adv_li_tt","/title/tt6120496/?ref_=adv_li_tt","/title/tt0118200/?ref_=adv_li_tt","/title/tt0221741/?ref_=adv_li_tt","/title/tt1535608/?ref_=adv_li_tt","/title/tt1906393/?ref_=adv_li_tt","/title/tt0049115/?ref_=adv_li_tt","/title/tt0086101/?ref_=adv_li_tt","/title/tt5644464/?ref_=adv_li_tt","/title/tt0217893/?ref_=adv_li_tt","/title/tt0165050/?ref_=adv_li_tt","/title/tt0448707/?ref_=adv_li_tt","/title/tt0478976/?ref_=adv_li_tt","/title/tt0130267/?ref_=adv_li_tt","/title/tt4568370/?ref_=adv_li_tt","/title/tt0083352/?ref_=adv_li_tt","/title/tt4449198/?ref_=adv_li_tt","/title/tt1110059/?ref_=adv_li_tt","/title/tt4858474/?ref_=adv_li_tt","/title/tt0073794/?ref_=adv_li_tt","/title/tt3771510/?ref_=adv_li_tt","/title/tt3815430/?ref_=adv_li_tt","/title/tt5533012/?ref_=adv_li_tt","/title/tt0234324/?ref_=adv_li_tt","/title/tt1327935/?ref_=adv_li_tt","/title/tt0086288/?ref_=adv_li_tt","/title/tt0273501/?ref_=adv_li_tt","/title/tt4138004/?ref_=adv_li_tt","/title/tt0365137/?ref_=adv_li_tt","/title/tt0216035/?ref_=adv_li_tt","/title/tt7244150/?ref_=adv_li_tt","/title/tt1648133/?ref_=adv_li_tt","/title/tt0024538/?ref_=adv_li_tt","/title/tt6579530/?ref_=adv_li_tt","/title/tt1721493/?ref_=adv_li_tt","/title/tt0096806/?ref_=adv_li_tt","/title/tt0408191/?ref_=adv_li_tt","/title/tt0088959/?ref_=adv_li_tt","/title/tt4759078/?ref_=adv_li_tt","/title/tt0479219/?ref_=adv_li_tt","/title/tt7825826/?ref_=adv_li_tt","/title/tt0022981/?ref_=adv_li_tt","/title/tt0242601/?ref_=adv_li_tt","/title/tt0062193/?ref_=adv_li_tt","/title/tt3625352/?ref_=adv_li_tt","/title/tt3418064/?ref_=adv_li_tt","/title/tt4153708/?ref_=adv_li_tt","/title/tt5009208/?ref_=adv_li_tt","/title/tt0016123/?ref_=adv_li_tt","/title/tt3547464/?ref_=adv_li_tt","/title/tt3104078/?ref_=adv_li_tt","/title/tt0065456/?ref_=adv_li_tt","/title/tt0207333/?ref_=adv_li_tt","/title/tt2081314/?ref_=adv_li_tt","/title/tt0096039/?ref_=adv_li_tt","/title/tt0071308/?ref_=adv_li_tt","/title/tt0457148/?ref_=adv_li_tt","/title/tt3837198/?ref_=adv_li_tt","/title/tt0113928/?ref_=adv_li_tt","/title/tt0072328/?ref_=adv_li_tt","/title/tt0491777/?ref_=adv_li_tt","/title/tt5770546/?ref_=adv_li_tt","/title/tt0247477/?ref_=adv_li_tt","/title/tt2175643/?ref_=adv_li_tt","/title/tt1666612/?ref_=adv_li_tt","/title/tt6075724/?ref_=adv_li_tt","/title/tt0093676/?ref_=adv_li_tt","/title/tt0037826/?ref_=adv_li_tt","/title/tt5579356/?ref_=adv_li_tt","/title/tt0280502/?ref_=adv_li_tt","/title/tt1492949/?ref_=adv_li_tt","/title/tt3317762/?ref_=adv_li_tt","/title/tt4265962/?ref_=adv_li_tt","/title/tt0317447/?ref_=adv_li_tt","/title/tt6170200/?ref_=adv_li_tt","/title/tt0962728/?ref_=adv_li_tt","/title/tt0082276/?ref_=adv_li_tt","/title/tt0178047/?ref_=adv_li_tt","/title/tt6363646/?ref_=adv_li_tt","/title/tt1022513/?ref_=adv_li_tt","/title/tt1284485/?ref_=adv_li_tt","/title/tt0068352/?ref_=adv_li_tt","/title/tt6164760/?ref_=adv_li_tt","/title/tt0224102/?ref_=adv_li_tt","/title/tt0267440/?ref_=adv_li_tt","/title/tt0480777/?ref_=adv_li_tt","/title/tt2375483/?ref_=adv_li_tt","/title/tt0167115/?ref_=adv_li_tt","/title/tt2440362/?ref_=adv_li_tt","/title/tt5124244/?ref_=adv_li_tt","/title/tt0088399/?ref_=adv_li_tt","/title/tt7084536/?ref_=adv_li_tt","/title/tt1753967/?ref_=adv_li_tt","/title/tt1100593/?ref_=adv_li_tt","/title/tt0064724/?ref_=adv_li_tt","/title/tt1796607/?ref_=adv_li_tt","/title/tt2151270/?ref_=adv_li_tt","/title/tt0084095/?ref_=adv_li_tt","/title/tt0217000/?ref_=adv_li_tt","/title/tt0108307/?ref_=adv_li_tt","/title/tt6388844/?ref_=adv_li_tt","/title/tt2718314/?ref_=adv_li_tt","/title/tt0280312/?ref_=adv_li_tt","/title/tt5565896/?ref_=adv_li_tt","/title/tt0100014/?ref_=adv_li_tt","/title/tt5022756/?ref_=adv_li_tt","/title/tt5555606/?ref_=adv_li_tt","/title/tt0085434/?ref_=adv_li_tt","/title/tt7440270/?ref_=adv_li_tt","/title/tt2205762/?ref_=adv_li_tt","/title/tt0395056/?ref_=adv_li_tt","/title/tt1561459/?ref_=adv_li_tt","/title/tt0064466/?ref_=adv_li_tt","/title/tt0084557/?ref_=adv_li_tt","/title/tt3196692/?ref_=adv_li_tt","/title/tt0090148/?ref_=adv_li_tt","/title/tt2621784/?ref_=adv_li_tt","/title/tt0819839/?ref_=adv_li_tt","/title/tt7709698/?ref_=adv_li_tt","/title/tt0086315/?ref_=adv_li_tt","/title/tt0322991/?ref_=adv_li_tt","/title/tt0054574/?ref_=adv_li_tt","/title/tt2622540/?ref_=adv_li_tt","/title/tt5340426/?ref_=adv_li_tt","/title/tt0108348/?ref_=adv_li_tt","/title/tt0058101/?ref_=adv_li_tt","/title/tt7598276/?ref_=adv_li_tt","/title/tt0062960/?ref_=adv_li_tt","/title/tt0102125/?ref_=adv_li_tt","/title/tt1306967/?ref_=adv_li_tt","/title/tt2932530/?ref_=adv_li_tt","/title/tt0074920/?ref_=adv_li_tt","/title/tt0475247/?ref_=adv_li_tt","/title/tt0218088/?ref_=adv_li_tt","/title/tt0073604/?ref_=adv_li_tt","/title/tt5579668/?ref_=adv_li_tt","/title/tt1001546/?ref_=adv_li_tt","/title/tt0060168/?ref_=adv_li_tt","/title/tt1654833/?ref_=adv_li_tt","/title/tt1242605/?ref_=adv_li_tt","/title/tt0069851/?ref_=adv_li_tt","/title/tt4015840/?ref_=adv_li_tt","/title/tt0274906/?ref_=adv_li_tt","/title/tt1524932/?ref_=adv_li_tt","/title/tt0020668/?ref_=adv_li_tt","/title/tt5458888/?ref_=adv_li_tt","/title/tt0231523/?ref_=adv_li_tt","/title/tt1601901/?ref_=adv_li_tt","/title/tt0228040/?ref_=adv_li_tt","/title/tt0460411/?ref_=adv_li_tt","/title/tt0230771/?ref_=adv_li_tt","/title/tt2691554/?ref_=adv_li_tt","/title/tt5619304/?ref_=adv_li_tt","/title/tt1841840/?ref_=adv_li_tt","/title/tt5759590/?ref_=adv_li_tt","/title/tt7256266/?ref_=adv_li_tt","/title/tt3017234/?ref_=adv_li_tt","/title/tt0346179/?ref_=adv_li_tt","/title/tt0113361/?ref_=adv_li_tt","/title/tt0479204/?ref_=adv_li_tt","/title/tt0050480/?ref_=adv_li_tt","/title/tt0161636/?ref_=adv_li_tt","/title/tt1476258/?ref_=adv_li_tt","/title/tt0877721/?ref_=adv_li_tt","/title/tt4794550/?ref_=adv_li_tt","/title/tt3765892/?ref_=adv_li_tt","/title/tt0442648/?ref_=adv_li_tt","/title/tt0156554/?ref_=adv_li_tt","/title/tt0261296/?ref_=adv_li_tt","/title/tt0089002/?ref_=adv_li_tt","/title/tt2921338/?ref_=adv_li_tt","/title/tt0423034/?ref_=adv_li_tt","/title/tt1235811/?ref_=adv_li_tt","/title/tt4244726/?ref_=adv_li_tt","/title/tt0292951/?ref_=adv_li_tt","/title/tt7791106/?ref_=adv_li_tt","/title/tt4136518/?ref_=adv_li_tt","/title/tt7260818/?ref_=adv_li_tt","/title/tt1471156/?ref_=adv_li_tt","/title/tt0183072/?ref_=adv_li_tt","/title/tt0234652/?ref_=adv_li_tt","/title/tt4729642/?ref_=adv_li_tt","/title/tt5194792/?ref_=adv_li_tt","/title/tt6091280/?ref_=adv_li_tt","/title/tt6788622/?ref_=adv_li_tt","/title/tt0386061/?ref_=adv_li_tt","/title/tt3039814/?ref_=adv_li_tt","/title/tt0040920/?ref_=adv_li_tt","/title/tt0024651/?ref_=adv_li_tt","/title/tt0760186/?ref_=adv_li_tt","/title/tt5181262/?ref_=adv_li_tt","/title/tt3144054/?ref_=adv_li_tt","/title/tt0401696/?ref_=adv_li_tt","/title/tt6296146/?ref_=adv_li_tt","/title/tt6169934/?ref_=adv_li_tt","/title/tt2210983/?ref_=adv_li_tt","/title/tt1717229/?ref_=adv_li_tt","/title/tt0074211/?ref_=adv_li_tt","/title/tt0082364/?ref_=adv_li_tt","/title/tt0471708/?ref_=adv_li_tt","/title/tt0924518/?ref_=adv_li_tt","/title/tt0035017/?ref_=adv_li_tt","/title/tt3452230/?ref_=adv_li_tt","/title/tt0070603/?ref_=adv_li_tt","/title/tt5232468/?ref_=adv_li_tt","/title/tt0360348/?ref_=adv_li_tt","/title/tt6332016/?ref_=adv_li_tt","/title/tt0100926/?ref_=adv_li_tt","/title/tt1337117/?ref_=adv_li_tt","/title/tt0037722/?ref_=adv_li_tt","/title/tt0100164/?ref_=adv_li_tt","/title/tt7434344/?ref_=adv_li_tt","/title/tt0095834/?ref_=adv_li_tt","/title/tt1351186/?ref_=adv_li_tt","/title/tt2388920/?ref_=adv_li_tt","/title/tt1603807/?ref_=adv_li_tt","/title/tt2720726/?ref_=adv_li_tt","/title/tt0353991/?ref_=adv_li_tt","/title/tt1535472/?ref_=adv_li_tt","/title/tt1656197/?ref_=adv_li_tt","/title/tt5702450/?ref_=adv_li_tt","/title/tt0258522/?ref_=adv_li_tt","/title/tt5815262/?ref_=adv_li_tt","/title/tt3499632/?ref_=adv_li_tt","/title/tt3975810/?ref_=adv_li_tt","/title/tt1433089/?ref_=adv_li_tt","/title/tt0081314/?ref_=adv_li_tt","/title/tt0089105/?ref_=adv_li_tt","/title/tt2114006/?ref_=adv_li_tt","/title/tt1663651/?ref_=adv_li_tt","/title/tt7353582/?ref_=adv_li_tt","/title/tt0033283/?ref_=adv_li_tt","/title/tt1659211/?ref_=adv_li_tt","/title/tt5934788/?ref_=adv_li_tt","/title/tt0200641/?ref_=adv_li_tt","/title/tt0286322/?ref_=adv_li_tt","/title/tt3846718/?ref_=adv_li_tt","/title/tt0092670/?ref_=adv_li_tt","/title/tt0111731/?ref_=adv_li_tt","/title/tt4521686/?ref_=adv_li_tt","/title/tt7435580/?ref_=adv_li_tt","/title/tt0232908/?ref_=adv_li_tt","/title/tt0875613/?ref_=adv_li_tt","/title/tt1524170/?ref_=adv_li_tt","/title/tt6843652/?ref_=adv_li_tt","/title/tt0111037/?ref_=adv_li_tt","/title/tt7972104/?ref_=adv_li_tt","/title/tt1071902/?ref_=adv_li_tt","/title/tt0380527/?ref_=adv_li_tt","/title/tt5335632/?ref_=adv_li_tt","/title/tt3874424/?ref_=adv_li_tt","/title/tt0350044/?ref_=adv_li_tt","/title/tt2748088/?ref_=adv_li_tt","/title/tt0452609/?ref_=adv_li_tt","/title/tt0114688/?ref_=adv_li_tt","/title/tt7275352/?ref_=adv_li_tt","/title/tt0069855/?ref_=adv_li_tt","/title/tt7472366/?ref_=adv_li_tt","/title/tt1278339/?ref_=adv_li_tt","/title/tt1845211/?ref_=adv_li_tt","/title/tt1360771/?ref_=adv_li_tt","/title/tt1262406/?ref_=adv_li_tt","/title/tt5722530/?ref_=adv_li_tt","/title/tt7310440/?ref_=adv_li_tt","/title/tt0760306/?ref_=adv_li_tt","/title/tt0436498/?ref_=adv_li_tt","/title/tt0095332/?ref_=adv_li_tt","/title/tt0069417/?ref_=adv_li_tt","/title/tt0101538/?ref_=adv_li_tt","/title/tt0325701/?ref_=adv_li_tt","/title/tt4541494/?ref_=adv_li_tt","/title/tt5486670/?ref_=adv_li_tt","/title/tt3319248/?ref_=adv_li_tt","/title/tt0490919/?ref_=adv_li_tt","/title/tt2368716/?ref_=adv_li_tt","/title/tt0160376/?ref_=adv_li_tt","/title/tt2250490/?ref_=adv_li_tt","/title/tt0252385/?ref_=adv_li_tt","/title/tt0084586/?ref_=adv_li_tt","/title/tt0067799/?ref_=adv_li_tt","/title/tt6088978/?ref_=adv_li_tt","/title/tt0492330/?ref_=adv_li_tt","/title/tt0106402/?ref_=adv_li_tt","/title/tt0068911/?ref_=adv_li_tt","/title/tt0068459/?ref_=adv_li_tt","/title/tt6524704/?ref_=adv_li_tt","/title/tt6199974/?ref_=adv_li_tt","/title/tt4522740/?ref_=adv_li_tt","/title/tt3448124/?ref_=adv_li_tt","/title/tt0104987/?ref_=adv_li_tt","/title/tt3471520/?ref_=adv_li_tt","/title/tt0373040/?ref_=adv_li_tt","/title/tt0097230/?ref_=adv_li_tt","/title/tt0101656/?ref_=adv_li_tt","/title/tt0239326/?ref_=adv_li_tt","/title/tt3570168/?ref_=adv_li_tt","/title/tt6858800/?ref_=adv_li_tt","/title/tt7545754/?ref_=adv_li_tt","/title/tt0827181/?ref_=adv_li_tt","/title/tt7242462/?ref_=adv_li_tt","/title/tt0823676/?ref_=adv_li_tt","/title/tt1543004/?ref_=adv_li_tt","/title/tt4368086/?ref_=adv_li_tt","/title/tt2660626/?ref_=adv_li_tt","/title/tt0044423/?ref_=adv_li_tt","/title/tt0096218/?ref_=adv_li_tt","/title/tt5246928/?ref_=adv_li_tt","/title/tt0067016/?ref_=adv_li_tt","/title/tt0144233/?ref_=adv_li_tt","/title/tt3212608/?ref_=adv_li_tt","/title/tt1668212/?ref_=adv_li_tt","/title/tt0468774/?ref_=adv_li_tt","/title/tt6421998/?ref_=adv_li_tt","/title/tt7611814/?ref_=adv_li_tt","/title/tt0091560/?ref_=adv_li_tt","/title/tt2171847/?ref_=adv_li_tt","/title/tt2399706/?ref_=adv_li_tt","/title/tt1547084/?ref_=adv_li_tt","/title/tt3175476/?ref_=adv_li_tt","/title/tt1821352/?ref_=adv_li_tt","/title/tt0053931/?ref_=adv_li_tt","/title/tt5865212/?ref_=adv_li_tt","/title/tt2181778/?ref_=adv_li_tt","/title/tt0299712/?ref_=adv_li_tt","/title/tt4852332/?ref_=adv_li_tt","/title/tt0052187/?ref_=adv_li_tt","/title/tt0022753/?ref_=adv_li_tt","/title/tt0101063/?ref_=adv_li_tt","/title/tt0034540/?ref_=adv_li_tt","/title/tt0440441/?ref_=adv_li_tt","/title/tt2017452/?ref_=adv_li_tt","/title/tt3056930/?ref_=adv_li_tt","/title/tt0051174/?ref_=adv_li_tt","/title/tt0366555/?ref_=adv_li_tt","/title/tt0808332/?ref_=adv_li_tt","/title/tt0051226/?ref_=adv_li_tt","/title/tt1489946/?ref_=adv_li_tt","/title/tt0423828/?ref_=adv_li_tt","/title/tt0997267/?ref_=adv_li_tt","/title/tt0092072/?ref_=adv_li_tt","/title/tt0127378/?ref_=adv_li_tt","/title/tt0121556/?ref_=adv_li_tt","/title/tt5029018/?ref_=adv_li_tt","/title/tt2503358/?ref_=adv_li_tt","/title/tt2736254/?ref_=adv_li_tt","/title/tt3021984/?ref_=adv_li_tt","/title/tt0071654/?ref_=adv_li_tt","/title/tt0357363/?ref_=adv_li_tt","/title/tt0289828/?ref_=adv_li_tt","/title/tt7346786/?ref_=adv_li_tt","/title/tt6388200/?ref_=adv_li_tt","/title/tt2971388/?ref_=adv_li_tt","/title/tt3833380/?ref_=adv_li_tt","/title/tt0117483/?ref_=adv_li_tt","/title/tt5873916/?ref_=adv_li_tt","/title/tt0240867/?ref_=adv_li_tt","/title/tt2568654/?ref_=adv_li_tt","/title/tt3185682/?ref_=adv_li_tt","/title/tt1125800/?ref_=adv_li_tt","/title/tt0119261/?ref_=adv_li_tt","/title/tt7829856/?ref_=adv_li_tt","/title/tt0352699/?ref_=adv_li_tt","/title/tt0116284/?ref_=adv_li_tt","/title/tt6207984/?ref_=adv_li_tt","/title/tt1844793/?ref_=adv_li_tt","/title/tt2261248/?ref_=adv_li_tt","/title/tt1124378/?ref_=adv_li_tt","/title/tt8065336/?ref_=adv_li_tt","/title/tt0494712/?ref_=adv_li_tt","/title/tt0051137/?ref_=adv_li_tt","/title/tt1258998/?ref_=adv_li_tt","/title/tt0356476/?ref_=adv_li_tt","/title/tt0892117/?ref_=adv_li_tt","/title/tt0380164/?ref_=adv_li_tt","/title/tt1885369/?ref_=adv_li_tt","/title/tt1006947/?ref_=adv_li_tt","/title/tt0052805/?ref_=adv_li_tt","/title/tt0100466/?ref_=adv_li_tt","/title/tt0436343/?ref_=adv_li_tt","/title/tt7878828/?ref_=adv_li_tt","/title/tt7772228/?ref_=adv_li_tt","/title/tt1996387/?ref_=adv_li_tt","/title/tt0076881/?ref_=adv_li_tt","/title/tt3301842/?ref_=adv_li_tt","/title/tt2118737/?ref_=adv_li_tt","/title/tt2335732/?ref_=adv_li_tt","/title/tt1388432/?ref_=adv_li_tt","/title/tt0287733/?ref_=adv_li_tt","/title/tt1361332/?ref_=adv_li_tt","/title/tt3518858/?ref_=adv_li_tt","/title/tt0056872/?ref_=adv_li_tt","/title/tt6450500/?ref_=adv_li_tt","/title/tt2814388/?ref_=adv_li_tt","/title/tt0221803/?ref_=adv_li_tt","/title/tt5735146/?ref_=adv_li_tt","/title/tt0077411/?ref_=adv_li_tt","/title/tt1546419/?ref_=adv_li_tt","/title/tt0229499/?ref_=adv_li_tt","/title/tt1887763/?ref_=adv_li_tt","/title/tt3721554/?ref_=adv_li_tt","/title/tt7504496/?ref_=adv_li_tt","/title/tt0765430/?ref_=adv_li_tt","/title/tt0109178/?ref_=adv_li_tt","/title/tt0408309/?ref_=adv_li_tt","/title/tt0817911/?ref_=adv_li_tt","/title/tt0451134/?ref_=adv_li_tt","/title/tt0462517/?ref_=adv_li_tt","/title/tt0112502/?ref_=adv_li_tt","/title/tt1097015/?ref_=adv_li_tt","/title/tt2124749/?ref_=adv_li_tt","/title/tt5077566/?ref_=adv_li_tt","/title/tt0191097/?ref_=adv_li_tt","/title/tt1269717/?ref_=adv_li_tt","/title/tt0105857/?ref_=adv_li_tt","/title/tt0480516/?ref_=adv_li_tt","/title/tt4851270/?ref_=adv_li_tt","/title/tt1863132/?ref_=adv_li_tt","/title/tt0097844/?ref_=adv_li_tt","/title/tt0398563/?ref_=adv_li_tt","/title/tt0056633/?ref_=adv_li_tt","/title/tt0438883/?ref_=adv_li_tt","/title/tt0065905/?ref_=adv_li_tt","/title/tt0259388/?ref_=adv_li_tt","/title/tt7160842/?ref_=adv_li_tt","/title/tt0178351/?ref_=adv_li_tt","/title/tt5130150/?ref_=adv_li_tt","/title/tt7661028/?ref_=adv_li_tt","/title/tt2196236/?ref_=adv_li_tt","/title/tt0449144/?ref_=adv_li_tt","/title/tt1918806/?ref_=adv_li_tt","/title/tt0845474/?ref_=adv_li_tt","/title/tt0983250/?ref_=adv_li_tt","/title/tt2287621/?ref_=adv_li_tt","/title/tt0905968/?ref_=adv_li_tt","/title/tt1334609/?ref_=adv_li_tt","/title/tt1823073/?ref_=adv_li_tt","/title/tt1653053/?ref_=adv_li_tt","/title/tt0220307/?ref_=adv_li_tt","/title/tt6183434/?ref_=adv_li_tt","/title/tt5833412/?ref_=adv_li_tt","/title/tt0066816/?ref_=adv_li_tt","/title/tt3397948/?ref_=adv_li_tt","/title/tt1051253/?ref_=adv_li_tt","/title/tt2106749/?ref_=adv_li_tt","/title/tt3793632/?ref_=adv_li_tt","/title/tt0111276/?ref_=adv_li_tt","/title/tt1653313/?ref_=adv_li_tt","/title/tt1598621/?ref_=adv_li_tt","/title/tt1988816/?ref_=adv_li_tt","/title/tt3557328/?ref_=adv_li_tt","/title/tt3455996/?ref_=adv_li_tt","/title/tt0268711/?ref_=adv_li_tt","/title/tt6787238/?ref_=adv_li_tt","/title/tt6316856/?ref_=adv_li_tt","/title/tt7904362/?ref_=adv_li_tt","/title/tt0149448/?ref_=adv_li_tt","/title/tt7900528/?ref_=adv_li_tt","/title/tt0476540/?ref_=adv_li_tt","/title/tt2492366/?ref_=adv_li_tt","/title/tt6395782/?ref_=adv_li_tt","/title/tt0107572/?ref_=adv_li_tt","/title/tt0396938/?ref_=adv_li_tt","/title/tt0072874/?ref_=adv_li_tt","/title/tt0082699/?ref_=adv_li_tt","/title/tt2448852/?ref_=adv_li_tt","/title/tt5312266/?ref_=adv_li_tt","/title/tt3369914/?ref_=adv_li_tt","/title/tt1830549/?ref_=adv_li_tt","/title/tt0054880/?ref_=adv_li_tt","/title/tt0269338/?ref_=adv_li_tt","/title/tt2378896/?ref_=adv_li_tt","/title/tt7074662/?ref_=adv_li_tt","/title/tt0095728/?ref_=adv_li_tt","/title/tt4642762/?ref_=adv_li_tt","/title/tt2089653/?ref_=adv_li_tt","/title/tt7143372/?ref_=adv_li_tt","/title/tt1258202/?ref_=adv_li_tt","/title/tt0067505/?ref_=adv_li_tt","/title/tt3645988/?ref_=adv_li_tt","/title/tt2231646/?ref_=adv_li_tt","/title/tt4953610/?ref_=adv_li_tt","/title/tt5159720/?ref_=adv_li_tt","/title/tt4624514/?ref_=adv_li_tt","/title/tt6264182/?ref_=adv_li_tt","/title/tt0034224/?ref_=adv_li_tt","/title/tt3181588/?ref_=adv_li_tt","/title/tt2846292/?ref_=adv_li_tt","/title/tt0058563/?ref_=adv_li_tt","/title/tt0139076/?ref_=adv_li_tt","/title/tt2637696/?ref_=adv_li_tt","/title/tt2609998/?ref_=adv_li_tt","/title/tt0134914/?ref_=adv_li_tt","/title/tt3992864/?ref_=adv_li_tt","/title/tt5191136/?ref_=adv_li_tt","/title/tt6354386/?ref_=adv_li_tt","/title/tt2309999/?ref_=adv_li_tt","/title/tt4773982/?ref_=adv_li_tt","/title/tt6017926/?ref_=adv_li_tt","/title/tt3671294/?ref_=adv_li_tt","/title/tt6425086/?ref_=adv_li_tt","/title/tt0289477/?ref_=adv_li_tt","/title/tt0100637/?ref_=adv_li_tt","/title/tt2949614/?ref_=adv_li_tt","/title/tt0108578/?ref_=adv_li_tt","/title/tt0114192/?ref_=adv_li_tt","/title/tt1243936/?ref_=adv_li_tt","/title/tt7527960/?ref_=adv_li_tt","/title/tt4679006/?ref_=adv_li_tt","/title/tt1461397/?ref_=adv_li_tt","/title/tt1337686/?ref_=adv_li_tt","/title/tt0053344/?ref_=adv_li_tt","/title/tt0238971/?ref_=adv_li_tt","/title/tt0077430/?ref_=adv_li_tt","/title/tt0443334/?ref_=adv_li_tt","/title/tt4131142/?ref_=adv_li_tt","/title/tt2649126/?ref_=adv_li_tt","/title/tt5943940/?ref_=adv_li_tt","/title/tt0117611/?ref_=adv_li_tt","/title/tt0130087/?ref_=adv_li_tt","/title/tt4665500/?ref_=adv_li_tt","/title/tt5458364/?ref_=adv_li_tt","/title/tt6416816/?ref_=adv_li_tt","/title/tt3098654/?ref_=adv_li_tt","/title/tt1149606/?ref_=adv_li_tt","/title/tt4917700/?ref_=adv_li_tt","/title/tt5534122/?ref_=adv_li_tt","/title/tt1663647/?ref_=adv_li_tt","/title/tt0047244/?ref_=adv_li_tt","/title/tt0080582/?ref_=adv_li_tt","/title/tt1391548/?ref_=adv_li_tt","/title/tt0138050/?ref_=adv_li_tt","/title/tt0300000/?ref_=adv_li_tt","/title/tt1438522/?ref_=adv_li_tt","/title/tt6582784/?ref_=adv_li_tt","/title/tt5691636/?ref_=adv_li_tt","/title/tt0301345/?ref_=adv_li_tt","/title/tt4425960/?ref_=adv_li_tt","/title/tt3160020/?ref_=adv_li_tt","/title/tt1312233/?ref_=adv_li_tt","/title/tt0062433/?ref_=adv_li_tt","/title/tt0073801/?ref_=adv_li_tt","/title/tt0161639/?ref_=adv_li_tt","/title/tt0364396/?ref_=adv_li_tt","/title/tt0152116/?ref_=adv_li_tt","/title/tt0078751/?ref_=adv_li_tt","/title/tt6112524/?ref_=adv_li_tt","/title/tt0289869/?ref_=adv_li_tt","/title/tt7188978/?ref_=adv_li_tt","/title/tt4986948/?ref_=adv_li_tt","/title/tt3603104/?ref_=adv_li_tt","/title/tt4886942/?ref_=adv_li_tt","/title/tt0408666/?ref_=adv_li_tt","/title/tt4573906/?ref_=adv_li_tt","/title/tt0232531/?ref_=adv_li_tt","/title/tt0051885/?ref_=adv_li_tt","/title/tt0380736/?ref_=adv_li_tt","/title/tt7625154/?ref_=adv_li_tt","/title/tt2103166/?ref_=adv_li_tt","/title/tt7282292/?ref_=adv_li_tt","/title/tt0484515/?ref_=adv_li_tt","/title/tt1961598/?ref_=adv_li_tt","/title/tt0098397/?ref_=adv_li_tt","/title/tt0460742/?ref_=adv_li_tt","/title/tt2006697/?ref_=adv_li_tt","/title/tt1564945/?ref_=adv_li_tt","/title/tt7908786/?ref_=adv_li_tt","/title/tt0331366/?ref_=adv_li_tt","/title/tt0112527/?ref_=adv_li_tt","/title/tt0099881/?ref_=adv_li_tt","/title/tt0400944/?ref_=adv_li_tt","/title/tt0126642/?ref_=adv_li_tt","/title/tt2325991/?ref_=adv_li_tt","/title/tt4264696/?ref_=adv_li_tt","/title/tt5419398/?ref_=adv_li_tt","/title/tt2327397/?ref_=adv_li_tt","/title/tt0099373/?ref_=adv_li_tt","/title/tt3097962/?ref_=adv_li_tt","/title/tt4797490/?ref_=adv_li_tt","/title/tt8135718/?ref_=adv_li_tt","/title/tt3835612/?ref_=adv_li_tt","/title/tt0871020/?ref_=adv_li_tt","/title/tt0282672/?ref_=adv_li_tt","/title/tt1370179/?ref_=adv_li_tt","/title/tt1954780/?ref_=adv_li_tt","/title/tt0063132/?ref_=adv_li_tt","/title/tt4179040/?ref_=adv_li_tt","/title/tt0132134/?ref_=adv_li_tt","/title/tt0025566/?ref_=adv_li_tt","/title/tt0267785/?ref_=adv_li_tt","/title/tt5372620/?ref_=adv_li_tt","/title/tt7012058/?ref_=adv_li_tt","/title/tt1513927/?ref_=adv_li_tt","/title/tt0067169/?ref_=adv_li_tt","/title/tt0105612/?ref_=adv_li_tt","/title/tt4439174/?ref_=adv_li_tt","/title/tt0070368/?ref_=adv_li_tt","/title/tt0449846/?ref_=adv_li_tt","/title/tt1397497/?ref_=adv_li_tt","/title/tt0064319/?ref_=adv_li_tt","/title/tt0314204/?ref_=adv_li_tt","/title/tt7962932/?ref_=adv_li_tt","/title/tt6982794/?ref_=adv_li_tt","/title/tt0484175/?ref_=adv_li_tt","/title/tt2523692/?ref_=adv_li_tt","/title/tt0949888/?ref_=adv_li_tt","/title/tt3748076/?ref_=adv_li_tt","/title/tt0973836/?ref_=adv_li_tt","/title/tt2188833/?ref_=adv_li_tt","/title/tt0053340/?ref_=adv_li_tt","/title/tt3084798/?ref_=adv_li_tt","/title/tt3186838/?ref_=adv_li_tt","/title/tt0072128/?ref_=adv_li_tt","/title/tt0407856/?ref_=adv_li_tt","/title/tt0054395/?ref_=adv_li_tt","/title/tt2193450/?ref_=adv_li_tt","/title/tt0055438/?ref_=adv_li_tt","/title/tt0112320/?ref_=adv_li_tt","/title/tt0109449/?ref_=adv_li_tt","/title/tt3816526/?ref_=adv_li_tt","/title/tt0062259/?ref_=adv_li_tt","/title/tt7094154/?ref_=adv_li_tt","/title/tt2184267/?ref_=adv_li_tt","/title/tt0893534/?ref_=adv_li_tt","/title/tt7973916/?ref_=adv_li_tt","/title/tt0080828/?ref_=adv_li_tt","/title/tt0871026/?ref_=adv_li_tt","/title/tt1278254/?ref_=adv_li_tt","/title/tt2515450/?ref_=adv_li_tt","/title/tt2100397/?ref_=adv_li_tt","/title/tt0938347/?ref_=adv_li_tt","/title/tt4504188/?ref_=adv_li_tt","/title/tt0096932/?ref_=adv_li_tt","/title/tt0071722/?ref_=adv_li_tt","/title/tt0056285/?ref_=adv_li_tt","/title/tt2349554/?ref_=adv_li_tt","/title/tt4565806/?ref_=adv_li_tt","/title/tt1991199/?ref_=adv_li_tt","/title/tt3790012/?ref_=adv_li_tt","/title/tt7098710/?ref_=adv_li_tt","/title/tt2692538/?ref_=adv_li_tt","/title/tt0101652/?ref_=adv_li_tt","/title/tt0102394/?ref_=adv_li_tt","/title/tt1565441/?ref_=adv_li_tt","/title/tt0191019/?ref_=adv_li_tt","/title/tt0108324/?ref_=adv_li_tt","/title/tt4474828/?ref_=adv_li_tt","/title/tt4328798/?ref_=adv_li_tt","/title/tt0427591/?ref_=adv_li_tt","/title/tt5037912/?ref_=adv_li_tt","/title/tt0224038/?ref_=adv_li_tt","/title/tt1122765/?ref_=adv_li_tt","/title/tt0299863/?ref_=adv_li_tt","/title/tt1603808/?ref_=adv_li_tt","/title/tt0069165/?ref_=adv_li_tt","/title/tt0040273/?ref_=adv_li_tt","/title/tt0120579/?ref_=adv_li_tt","/title/tt0411265/?ref_=adv_li_tt","/title/tt0454808/?ref_=adv_li_tt","/title/tt2022397/?ref_=adv_li_tt","/title/tt7549892/?ref_=adv_li_tt","/title/tt0184169/?ref_=adv_li_tt","/title/tt6395680/?ref_=adv_li_tt","/title/tt0495042/?ref_=adv_li_tt","/title/tt0296496/?ref_=adv_li_tt","/title/tt0872314/?ref_=adv_li_tt","/title/tt0099562/?ref_=adv_li_tt","/title/tt0245866/?ref_=adv_li_tt","/title/tt3565836/?ref_=adv_li_tt","/title/tt0867295/?ref_=adv_li_tt","/title/tt5672750/?ref_=adv_li_tt","/title/tt1850596/?ref_=adv_li_tt","/title/tt0805545/?ref_=adv_li_tt","/title/tt3045366/?ref_=adv_li_tt","/title/tt0093563/?ref_=adv_li_tt","/title/tt0124808/?ref_=adv_li_tt","/title/tt0050235/?ref_=adv_li_tt","/title/tt0808315/?ref_=adv_li_tt","/title/tt0441787/?ref_=adv_li_tt","/title/tt1784490/?ref_=adv_li_tt","/title/tt5585900/?ref_=adv_li_tt","/title/tt2677108/?ref_=adv_li_tt","/title/tt0056055/?ref_=adv_li_tt","/title/tt3991052/?ref_=adv_li_tt","/title/tt0902262/?ref_=adv_li_tt","/title/tt0101368/?ref_=adv_li_tt","/title/tt0256071/?ref_=adv_li_tt","/title/tt0462580/?ref_=adv_li_tt","/title/tt1664664/?ref_=adv_li_tt","/title/tt1283908/?ref_=adv_li_tt","/title/tt0858490/?ref_=adv_li_tt","/title/tt6796152/?ref_=adv_li_tt","/title/tt1472192/?ref_=adv_li_tt","/title/tt0313709/?ref_=adv_li_tt","/title/tt0301665/?ref_=adv_li_tt","/title/tt2058105/?ref_=adv_li_tt","/title/tt0497477/?ref_=adv_li_tt","/title/tt0109086/?ref_=adv_li_tt","/title/tt0839762/?ref_=adv_li_tt","/title/tt0475344/?ref_=adv_li_tt","/title/tt0938284/?ref_=adv_li_tt","/title/tt2246831/?ref_=adv_li_tt","/title/tt1173486/?ref_=adv_li_tt","/title/tt0097017/?ref_=adv_li_tt","/title/tt6042756/?ref_=adv_li_tt","/title/tt1116032/?ref_=adv_li_tt","/title/tt3430634/?ref_=adv_li_tt","/title/tt0814343/?ref_=adv_li_tt","/title/tt0438204/?ref_=adv_li_tt","/title/tt0964529/?ref_=adv_li_tt","/title/tt6079652/?ref_=adv_li_tt","/title/tt0488334/?ref_=adv_li_tt","/title/tt8014270/?ref_=adv_li_tt","/title/tt0126527/?ref_=adv_li_tt","/title/tt1864494/?ref_=adv_li_tt","/title/tt3959450/?ref_=adv_li_tt","/title/tt2156779/?ref_=adv_li_tt","/title/tt0072070/?ref_=adv_li_tt","/title/tt3106878/?ref_=adv_li_tt","/title/tt5040974/?ref_=adv_li_tt","/title/tt7277680/?ref_=adv_li_tt","/title/tt1713452/?ref_=adv_li_tt","/title/tt0267813/?ref_=adv_li_tt","/title/tt5425874/?ref_=adv_li_tt","/title/tt0349113/?ref_=adv_li_tt","/title/tt4452568/?ref_=adv_li_tt","/title/tt5575800/?ref_=adv_li_tt","/title/tt3105652/?ref_=adv_li_tt","/title/tt0457055/?ref_=adv_li_tt","/title/tt2330458/?ref_=adv_li_tt","/title/tt0038586/?ref_=adv_li_tt","/title/tt4587354/?ref_=adv_li_tt","/title/tt0098507/?ref_=adv_li_tt","/title/tt0067192/?ref_=adv_li_tt","/title/tt0181845/?ref_=adv_li_tt","/title/tt1764679/?ref_=adv_li_tt","/title/tt2787908/?ref_=adv_li_tt","/title/tt7411370/?ref_=adv_li_tt","/title/tt0263053/?ref_=adv_li_tt","/title/tt1785411/?ref_=adv_li_tt","/title/tt0069118/?ref_=adv_li_tt","/title/tt1650041/?ref_=adv_li_tt","/title/tt0441022/?ref_=adv_li_tt","/title/tt0086263/?ref_=adv_li_tt","/title/tt0472186/?ref_=adv_li_tt","/title/tt0093041/?ref_=adv_li_tt","/title/tt2342808/?ref_=adv_li_tt","/title/tt2345695/?ref_=adv_li_tt","/title/tt0299556/?ref_=adv_li_tt","/title/tt4806430/?ref_=adv_li_tt","/title/tt2203909/?ref_=adv_li_tt","/title/tt0210180/?ref_=adv_li_tt","/title/tt4453756/?ref_=adv_li_tt","/title/tt0100108/?ref_=adv_li_tt","/title/tt0373782/?ref_=adv_li_tt","/title/tt0051434/?ref_=adv_li_tt","/title/tt3851856/?ref_=adv_li_tt","/title/tt5840434/?ref_=adv_li_tt","/title/tt6543950/?ref_=adv_li_tt","/title/tt0299088/?ref_=adv_li_tt","/title/tt5891150/?ref_=adv_li_tt","/title/tt0065660/?ref_=adv_li_tt","/title/tt1928272/?ref_=adv_li_tt","/title/tt2306511/?ref_=adv_li_tt","/title/tt1686303/?ref_=adv_li_tt","/title/tt0100038/?ref_=adv_li_tt","/title/tt5672290/?ref_=adv_li_tt","/title/tt1810543/?ref_=adv_li_tt","/title/tt6426960/?ref_=adv_li_tt","/title/tt6952952/?ref_=adv_li_tt","/title/tt0089735/?ref_=adv_li_tt","/title/tt7657098/?ref_=adv_li_tt","/title/tt0978757/?ref_=adv_li_tt","/title/tt0099278/?ref_=adv_li_tt","/title/tt0054823/?ref_=adv_li_tt","/title/tt0088249/?ref_=adv_li_tt","/title/tt0047766/?ref_=adv_li_tt","/title/tt4027430/?ref_=adv_li_tt","/title/tt0945478/?ref_=adv_li_tt","/title/tt2354075/?ref_=adv_li_tt","/title/tt0460609/?ref_=adv_li_tt","/title/tt1596723/?ref_=adv_li_tt","/title/tt5554948/?ref_=adv_li_tt","/title/tt0995032/?ref_=adv_li_tt","/title/tt0478265/?ref_=adv_li_tt","/title/tt6691968/?ref_=adv_li_tt","/title/tt1522157/?ref_=adv_li_tt","/title/tt0796605/?ref_=adv_li_tt","/title/tt2705402/?ref_=adv_li_tt","/title/tt4854820/?ref_=adv_li_tt","/title/tt0303970/?ref_=adv_li_tt","/title/tt5266470/?ref_=adv_li_tt","/title/tt0115584/?ref_=adv_li_tt","/title/tt0036715/?ref_=adv_li_tt","/title/tt1039646/?ref_=adv_li_tt","/title/tt4471212/?ref_=adv_li_tt","/title/tt1398918/?ref_=adv_li_tt","/title/tt3487526/?ref_=adv_li_tt","/title/tt0989851/?ref_=adv_li_tt","/title/tt2497956/?ref_=adv_li_tt","/title/tt0069580/?ref_=adv_li_tt","/title/tt0112599/?ref_=adv_li_tt","/title/tt4294968/?ref_=adv_li_tt","/title/tt2836370/?ref_=adv_li_tt","/title/tt3757374/?ref_=adv_li_tt","/title/tt0035706/?ref_=adv_li_tt","/title/tt0180590/?ref_=adv_li_tt","/title/tt2948774/?ref_=adv_li_tt","/title/tt5854822/?ref_=adv_li_tt","/title/tt0095350/?ref_=adv_li_tt","/title/tt0435150/?ref_=adv_li_tt","/title/tt5254886/?ref_=adv_li_tt","/title/tt0364527/?ref_=adv_li_tt","/title/tt0780506/?ref_=adv_li_tt","/title/tt7309314/?ref_=adv_li_tt","/title/tt0100550/?ref_=adv_li_tt","/title/tt0058090/?ref_=adv_li_tt","/title/tt0144555/?ref_=adv_li_tt","/title/tt1157658/?ref_=adv_li_tt","/title/tt2217802/?ref_=adv_li_tt","/title/tt0035640/?ref_=adv_li_tt","/title/tt0272575/?ref_=adv_li_tt","/title/tt0200497/?ref_=adv_li_tt","/title/tt0499456/?ref_=adv_li_tt","/title/tt2417970/?ref_=adv_li_tt","/title/tt5737388/?ref_=adv_li_tt","/title/tt4527400/?ref_=adv_li_tt","/title/tt0073847/?ref_=adv_li_tt","/title/tt0490240/?ref_=adv_li_tt","/title/tt0112939/?ref_=adv_li_tt","/title/tt2309722/?ref_=adv_li_tt","/title/tt4073304/?ref_=adv_li_tt","/title/tt6907170/?ref_=adv_li_tt","/title/tt0104049/?ref_=adv_li_tt","/title/tt0496231/?ref_=adv_li_tt","/title/tt3318050/?ref_=adv_li_tt","/title/tt0102847/?ref_=adv_li_tt","/title/tt0362636/?ref_=adv_li_tt","/title/tt0057156/?ref_=adv_li_tt","/title/tt6299592/?ref_=adv_li_tt","/title/tt0377707/?ref_=adv_li_tt","/title/tt0225679/?ref_=adv_li_tt","/title/tt0082116/?ref_=adv_li_tt","/title/tt3657626/?ref_=adv_li_tt","/title/tt0163097/?ref_=adv_li_tt","/title/tt1045796/?ref_=adv_li_tt","/title/tt5644498/?ref_=adv_li_tt","/title/tt1662628/?ref_=adv_li_tt","/title/tt0451164/?ref_=adv_li_tt","/title/tt0239406/?ref_=adv_li_tt","/title/tt0399013/?ref_=adv_li_tt","/title/tt3596018/?ref_=adv_li_tt","/title/tt0068966/?ref_=adv_li_tt","/title/tt2946858/?ref_=adv_li_tt","/title/tt1318516/?ref_=adv_li_tt","/title/tt0099934/?ref_=adv_li_tt","/title/tt0024631/?ref_=adv_li_tt","/title/tt1303236/?ref_=adv_li_tt","/title/tt0064369/?ref_=adv_li_tt","/title/tt0481610/?ref_=adv_li_tt","/title/tt4222732/?ref_=adv_li_tt","/title/tt8009938/?ref_=adv_li_tt","/title/tt0272036/?ref_=adv_li_tt","/title/tt0048363/?ref_=adv_li_tt","/title/tt0063206/?ref_=adv_li_tt","/title/tt0319854/?ref_=adv_li_tt","/title/tt0363858/?ref_=adv_li_tt","/title/tt0067744/?ref_=adv_li_tt","/title/tt3093632/?ref_=adv_li_tt","/title/tt0079677/?ref_=adv_li_tt","/title/tt0093614/?ref_=adv_li_tt","/title/tt0423515/?ref_=adv_li_tt","/title/tt2428612/?ref_=adv_li_tt","/title/tt5059400/?ref_=adv_li_tt","/title/tt0280599/?ref_=adv_li_tt","/title/tt1640220/?ref_=adv_li_tt","/title/tt7933282/?ref_=adv_li_tt","/title/tt7111560/?ref_=adv_li_tt","/title/tt3593978/?ref_=adv_li_tt","/title/tt0452675/?ref_=adv_li_tt","/title/tt2007430/?ref_=adv_li_tt","/title/tt2347888/?ref_=adv_li_tt","/title/tt0110983/?ref_=adv_li_tt","/title/tt5027724/?ref_=adv_li_tt","/title/tt0976095/?ref_=adv_li_tt","/title/tt0472465/?ref_=adv_li_tt","/title/tt3834272/?ref_=adv_li_tt","/title/tt2606614/?ref_=adv_li_tt","/title/tt7569498/?ref_=adv_li_tt","/title/tt4253484/?ref_=adv_li_tt","/title/tt8128810/?ref_=adv_li_tt","/title/tt5709824/?ref_=adv_li_tt","/title/tt1334526/?ref_=adv_li_tt","/title/tt1810636/?ref_=adv_li_tt","/title/tt3443208/?ref_=adv_li_tt","/title/tt3297758/?ref_=adv_li_tt","/title/tt2256570/?ref_=adv_li_tt","/title/tt1753753/?ref_=adv_li_tt","/title/tt3036548/?ref_=adv_li_tt","/title/tt0289719/?ref_=adv_li_tt","/title/tt0066847/?ref_=adv_li_tt","/title/tt4229948/?ref_=adv_li_tt","/title/tt4713312/?ref_=adv_li_tt","/title/tt0473003/?ref_=adv_li_tt","/title/tt2149137/?ref_=adv_li_tt","/title/tt4470260/?ref_=adv_li_tt","/title/tt6173712/?ref_=adv_li_tt","/title/tt3433220/?ref_=adv_li_tt","/title/tt6196216/?ref_=adv_li_tt","/title/tt1254949/?ref_=adv_li_tt","/title/tt0412665/?ref_=adv_li_tt","/title/tt0027688/?ref_=adv_li_tt","/title/tt0984187/?ref_=adv_li_tt","/title/tt1359420/?ref_=adv_li_tt","/title/tt1116935/?ref_=adv_li_tt","/title/tt0247872/?ref_=adv_li_tt","/title/tt0105898/?ref_=adv_li_tt","/title/tt5024048/?ref_=adv_li_tt","/title/tt0069811/?ref_=adv_li_tt","/title/tt1502419/?ref_=adv_li_tt","/title/tt0156984/?ref_=adv_li_tt","/title/tt0104319/?ref_=adv_li_tt","/title/tt0365674/?ref_=adv_li_tt","/title/tt0452640/?ref_=adv_li_tt","/title/tt0073841/?ref_=adv_li_tt","/title/tt3460278/?ref_=adv_li_tt","/title/tt6690236/?ref_=adv_li_tt","/title/tt0065750/?ref_=adv_li_tt","/title/tt4025798/?ref_=adv_li_tt","/title/tt7044360/?ref_=adv_li_tt","/title/tt0185976/?ref_=adv_li_tt","/title/tt0094837/?ref_=adv_li_tt","/title/tt0813129/?ref_=adv_li_tt","/title/tt0032245/?ref_=adv_li_tt","/title/tt1488032/?ref_=adv_li_tt","/title/tt0123915/?ref_=adv_li_tt","/title/tt0255914/?ref_=adv_li_tt","/title/tt4178166/?ref_=adv_li_tt","/title/tt1314170/?ref_=adv_li_tt","/title/tt0072156/?ref_=adv_li_tt","/title/tt1954520/?ref_=adv_li_tt","/title/tt2796462/?ref_=adv_li_tt","/title/tt6270328/?ref_=adv_li_tt","/title/tt0846665/?ref_=adv_li_tt","/title/tt7000266/?ref_=adv_li_tt","/title/tt3837162/?ref_=adv_li_tt","/title/tt0057985/?ref_=adv_li_tt","/title/tt3736892/?ref_=adv_li_tt","/title/tt0970520/?ref_=adv_li_tt","/title/tt3771792/?ref_=adv_li_tt","/title/tt3038254/?ref_=adv_li_tt","/title/tt0230158/?ref_=adv_li_tt","/title/tt4865186/?ref_=adv_li_tt","/title/tt0473565/?ref_=adv_li_tt","/title/tt0062108/?ref_=adv_li_tt","/title/tt4298784/?ref_=adv_li_tt","/title/tt0988858/?ref_=adv_li_tt","/title/tt4289298/?ref_=adv_li_tt","/title/tt3043176/?ref_=adv_li_tt","/title/tt2401069/?ref_=adv_li_tt","/title/tt7973204/?ref_=adv_li_tt","/title/tt1146278/?ref_=adv_li_tt","/title/tt1206082/?ref_=adv_li_tt","/title/tt3059776/?ref_=adv_li_tt","/title/tt3297586/?ref_=adv_li_tt","/title/tt1483789/?ref_=adv_li_tt","/title/tt0199854/?ref_=adv_li_tt","/title/tt3552892/?ref_=adv_li_tt","/title/tt5310410/?ref_=adv_li_tt","/title/tt6456384/?ref_=adv_li_tt","/title/tt0069863/?ref_=adv_li_tt","/title/tt0382263/?ref_=adv_li_tt","/title/tt3580358/?ref_=adv_li_tt","/title/tt6807256/?ref_=adv_li_tt","/title/tt6857078/?ref_=adv_li_tt","/title/tt0796306/?ref_=adv_li_tt","/title/tt7926112/?ref_=adv_li_tt","/title/tt1748018/?ref_=adv_li_tt","/title/tt0097277/?ref_=adv_li_tt","/title/tt6969338/?ref_=adv_li_tt","/title/tt2322932/?ref_=adv_li_tt","/title/tt6557516/?ref_=adv_li_tt","/title/tt0421199/?ref_=adv_li_tt","/title/tt3594510/?ref_=adv_li_tt","/title/tt0934584/?ref_=adv_li_tt","/title/tt0121864/?ref_=adv_li_tt","/title/tt1677012/?ref_=adv_li_tt","/title/tt1925539/?ref_=adv_li_tt","/title/tt2630272/?ref_=adv_li_tt","/title/tt0165489/?ref_=adv_li_tt","/title/tt0810743/?ref_=adv_li_tt","/title/tt3619854/?ref_=adv_li_tt","/title/tt8119752/?ref_=adv_li_tt","/title/tt0401928/?ref_=adv_li_tt","/title/tt0105659/?ref_=adv_li_tt","/title/tt8096564/?ref_=adv_li_tt","/title/tt1455806/?ref_=adv_li_tt","/title/tt1663956/?ref_=adv_li_tt","/title/tt1823231/?ref_=adv_li_tt","/title/tt0208306/?ref_=adv_li_tt","/title/tt3857092/?ref_=adv_li_tt","/title/tt1347523/?ref_=adv_li_tt","/title/tt4915308/?ref_=adv_li_tt","/title/tt4627306/?ref_=adv_li_tt","/title/tt5961452/?ref_=adv_li_tt","/title/tt1792803/?ref_=adv_li_tt","/title/tt5476430/?ref_=adv_li_tt","/title/tt0367635/?ref_=adv_li_tt","/title/tt4968570/?ref_=adv_li_tt","/title/tt5579794/?ref_=adv_li_tt","/title/tt2388757/?ref_=adv_li_tt","/title/tt0096319/?ref_=adv_li_tt","/title/tt6409252/?ref_=adv_li_tt","/title/tt6228890/?ref_=adv_li_tt","/title/tt2596476/?ref_=adv_li_tt","/title/tt7278006/?ref_=adv_li_tt","/title/tt1303901/?ref_=adv_li_tt","/title/tt0106959/?ref_=adv_li_tt","/title/tt0460749/?ref_=adv_li_tt","/title/tt4788734/?ref_=adv_li_tt","/title/tt0100430/?ref_=adv_li_tt","/title/tt0051569/?ref_=adv_li_tt","/title/tt2378000/?ref_=adv_li_tt","/title/tt0068313/?ref_=adv_li_tt","/title/tt0843858/?ref_=adv_li_tt","/title/tt7209472/?ref_=adv_li_tt","/title/tt4953348/?ref_=adv_li_tt","/title/tt0462598/?ref_=adv_li_tt","/title/tt0050317/?ref_=adv_li_tt","/title/tt0496608/?ref_=adv_li_tt","/title/tt1586753/?ref_=adv_li_tt","/title/tt4152374/?ref_=adv_li_tt","/title/tt1821446/?ref_=adv_li_tt","/title/tt0420859/?ref_=adv_li_tt","/title/tt4177080/?ref_=adv_li_tt","/title/tt1527831/?ref_=adv_li_tt","/title/tt0441041/?ref_=adv_li_tt","/title/tt3844956/?ref_=adv_li_tt","/title/tt0138408/?ref_=adv_li_tt","/title/tt1270479/?ref_=adv_li_tt","/title/tt0388365/?ref_=adv_li_tt","/title/tt1935909/?ref_=adv_li_tt","/title/tt4464244/?ref_=adv_li_tt","/title/tt0103274/?ref_=adv_li_tt","/title/tt6348962/?ref_=adv_li_tt","/title/tt5303584/?ref_=adv_li_tt","/title/tt0114826/?ref_=adv_li_tt","/title/tt6432602/?ref_=adv_li_tt","/title/tt0420171/?ref_=adv_li_tt","/title/tt1264073/?ref_=adv_li_tt","/title/tt7868866/?ref_=adv_li_tt","/title/tt3130022/?ref_=adv_li_tt","/title/tt0268295/?ref_=adv_li_tt","/title/tt7533160/?ref_=adv_li_tt","/title/tt0072219/?ref_=adv_li_tt","/title/tt0770739/?ref_=adv_li_tt","/title/tt0237500/?ref_=adv_li_tt","/title/tt0056565/?ref_=adv_li_tt","/title/tt0113571/?ref_=adv_li_tt","/title/tt0447710/?ref_=adv_li_tt","/title/tt3720596/?ref_=adv_li_tt","/title/tt6849784/?ref_=adv_li_tt","/title/tt2083385/?ref_=adv_li_tt","/title/tt7167484/?ref_=adv_li_tt","/title/tt1700443/?ref_=adv_li_tt","/title/tt0213802/?ref_=adv_li_tt","/title/tt3283698/?ref_=adv_li_tt","/title/tt1744761/?ref_=adv_li_tt","/title/tt2066070/?ref_=adv_li_tt","/title/tt0083264/?ref_=adv_li_tt","/title/tt0091016/?ref_=adv_li_tt","/title/tt0064255/?ref_=adv_li_tt","/title/tt2196104/?ref_=adv_li_tt","/title/tt2891886/?ref_=adv_li_tt","/title/tt0020004/?ref_=adv_li_tt","/title/tt0478267/?ref_=adv_li_tt","/title/tt0494216/?ref_=adv_li_tt","/title/tt0068231/?ref_=adv_li_tt","/title/tt0122505/?ref_=adv_li_tt","/title/tt0070198/?ref_=adv_li_tt","/title/tt0122247/?ref_=adv_li_tt","/title/tt2673388/?ref_=adv_li_tt","/title/tt0473348/?ref_=adv_li_tt","/title/tt5720338/?ref_=adv_li_tt","/title/tt4458946/?ref_=adv_li_tt","/title/tt0282312/?ref_=adv_li_tt","/title/tt0320187/?ref_=adv_li_tt","/title/tt3779248/?ref_=adv_li_tt","/title/tt1517228/?ref_=adv_li_tt","/title/tt5864100/?ref_=adv_li_tt","/title/tt2205400/?ref_=adv_li_tt","/title/tt0978797/?ref_=adv_li_tt","/title/tt0103729/?ref_=adv_li_tt","/title/tt0479201/?ref_=adv_li_tt","/title/tt4905548/?ref_=adv_li_tt","/title/tt0036975/?ref_=adv_li_tt","/title/tt0356561/?ref_=adv_li_tt","/title/tt1756836/?ref_=adv_li_tt","/title/tt0959314/?ref_=adv_li_tt","/title/tt7445650/?ref_=adv_li_tt","/title/tt2084878/?ref_=adv_li_tt","/title/tt5879212/?ref_=adv_li_tt","/title/tt1414581/?ref_=adv_li_tt","/title/tt5270922/?ref_=adv_li_tt","/title/tt0833979/?ref_=adv_li_tt","/title/tt7788430/?ref_=adv_li_tt","/title/tt5265192/?ref_=adv_li_tt","/title/tt0273255/?ref_=adv_li_tt","/title/tt0130487/?ref_=adv_li_tt","/title/tt0457467/?ref_=adv_li_tt","/title/tt1207924/?ref_=adv_li_tt","/title/tt3189026/?ref_=adv_li_tt","/title/tt3688976/?ref_=adv_li_tt","/title/tt1097194/?ref_=adv_li_tt","/title/tt5740994/?ref_=adv_li_tt","/title/tt1094597/?ref_=adv_li_tt","/title/tt0140067/?ref_=adv_li_tt","/title/tt1240540/?ref_=adv_li_tt","/title/tt4435664/?ref_=adv_li_tt","/title/tt0239102/?ref_=adv_li_tt","/title/tt5159734/?ref_=adv_li_tt","/title/tt4424220/?ref_=adv_li_tt","/title/tt7335796/?ref_=adv_li_tt","/title/tt7121652/?ref_=adv_li_tt","/title/tt0060380/?ref_=adv_li_tt","/title/tt6121426/?ref_=adv_li_tt","/title/tt2989422/?ref_=adv_li_tt","/title/tt2343437/?ref_=adv_li_tt","/title/tt0277605/?ref_=adv_li_tt","/title/tt0075199/?ref_=adv_li_tt","/title/tt3132794/?ref_=adv_li_tt","/title/tt3817494/?ref_=adv_li_tt","/title/tt1986089/?ref_=adv_li_tt","/title/tt0383012/?ref_=adv_li_tt","/title/tt7582340/?ref_=adv_li_tt","/title/tt4154004/?ref_=adv_li_tt","/title/tt1104685/?ref_=adv_li_tt","/title/tt0072133/?ref_=adv_li_tt","/title/tt1155652/?ref_=adv_li_tt","/title/tt0253709/?ref_=adv_li_tt","/title/tt6866652/?ref_=adv_li_tt","/title/tt0035784/?ref_=adv_li_tt","/title/tt5569012/?ref_=adv_li_tt","/title/tt0331834/?ref_=adv_li_tt","/title/tt6362756/?ref_=adv_li_tt","/title/tt0014826/?ref_=adv_li_tt","/title/tt0925245/?ref_=adv_li_tt","/title/tt4058730/?ref_=adv_li_tt","/title/tt0373423/?ref_=adv_li_tt","/title/tt0473393/?ref_=adv_li_tt","/title/tt0068777/?ref_=adv_li_tt","/title/tt0191654/?ref_=adv_li_tt","/title/tt5848930/?ref_=adv_li_tt","/title/tt0083821/?ref_=adv_li_tt","/title/tt2118009/?ref_=adv_li_tt","/title/tt2070759/?ref_=adv_li_tt","/title/tt0114872/?ref_=adv_li_tt","/title/tt0093238/?ref_=adv_li_tt","/title/tt0216503/?ref_=adv_li_tt","/title/tt0174399/?ref_=adv_li_tt","/title/tt0096954/?ref_=adv_li_tt","/title/tt3012194/?ref_=adv_li_tt","/title/tt0117549/?ref_=adv_li_tt","/title/tt0131534/?ref_=adv_li_tt","/title/tt4030898/?ref_=adv_li_tt","/title/tt0478321/?ref_=adv_li_tt","/title/tt1557182/?ref_=adv_li_tt","/title/tt0763846/?ref_=adv_li_tt","/title/tt0066954/?ref_=adv_li_tt","/title/tt5790218/?ref_=adv_li_tt","/title/tt1444331/?ref_=adv_li_tt","/title/tt6270524/?ref_=adv_li_tt","/title/tt6421398/?ref_=adv_li_tt","/title/tt1586814/?ref_=adv_li_tt","/title/tt0041619/?ref_=adv_li_tt","/title/tt3748466/?ref_=adv_li_tt","/title/tt0064932/?ref_=adv_li_tt","/title/tt1991154/?ref_=adv_li_tt","/title/tt0071629/?ref_=adv_li_tt","/title/tt0090249/?ref_=adv_li_tt","/title/tt2128694/?ref_=adv_li_tt","/title/tt1734122/?ref_=adv_li_tt",